#{"t_start": 1670159256.0971644, "env_id": null}
r,l,t,done_reason,is_success
-27.114387,201,1187.892062,0,0
-4.246309,201,1195.539111,0,0
-4.17327,201,1203.348627,0,0
-24.118144,201,1210.989504,0,0
-11.322044,25,1212.029896,1,0
-10.616363,201,1219.633858,0,0
17.351499,66,1222.226707,2,1
-20.74188,191,1229.522469,1,0
-14.503327,201,1237.375904,0,0
-11.599682,27,1238.499627,1,0
-4.106539,201,1246.324164,0,0
-31.322828,201,1253.966454,0,0
-10.454183,3,1254.18312,1,0
-3.26504,201,1261.773726,0,0
-10.972072,10,1262.256623,1,0
-15.083576,112,1266.525517,1,0
-12.869906,201,1274.110108,0,0
-15.65378,201,1281.68053,0,0
-11.571765,5,1281.969151,1,0
-13.145203,201,1289.478796,0,0
-12.762829,50,1291.460963,1,0
-4.307232,201,1298.990676,0,0
-3.829148,201,1306.641649,0,0
-15.174597,18,1307.425636,1,0
-19.505336,201,1315.12656,0,0
-3.000013,201,1322.811201,0,0
17.495188,70,1325.510221,2,1
-11.555139,201,1333.204683,0,0
-3.352901,201,1340.704631,0,0
-4.119339,201,1348.271633,0,0
-13.355578,201,1355.984626,0,0
-3.719831,201,1363.597749,0,0
-10.464748,5,1363.870958,1,0
-5.685899,201,1371.565718,0,0
-3.888579,201,1379.512648,0,0
-2.831457,201,1387.318831,0,0
-19.101524,99,1391.220598,1,0
-16.466249,201,1399.066121,0,0
-10.783979,7,1399.424092,1,0
-15.00411,125,1404.280634,1,0
-12.310223,3,1404.501284,1,0
-15.224534,112,1408.804768,1,0
-4.470447,201,1416.460105,0,0
-10.136618,2,1416.628408,1,0
-5.255425,201,1424.399756,0,0
-10.591116,2,1424.61091,1,0
-3.547927,201,1432.367877,0,0
-2.481372,201,1440.214318,0,0
-4.102428,201,1447.96127,0,0
-10.339627,201,1455.781015,0,0
16.020793,17,1456.50604,2,1
-5.772841,201,1464.647698,0,0
18.134283,34,1466.063973,2,1
-6.396056,201,1473.800142,0,0
-3.705087,201,1481.630208,0,0
-21.190073,201,1489.348311,0,0
-11.434327,201,1497.014373,0,0
-5.445668,201,1504.693434,0,0
-10.536461,15,1505.358968,1,0
-2.713471,201,1513.037651,0,0
-14.280225,201,1520.829366,0,0
-3.848343,201,1528.51362,0,0
-2.552801,201,1536.211524,0,0
-5.634447,201,1544.048424,0,0
17.804486,38,1545.55449,2,1
-14.264257,201,1553.166327,0,0
-10.431006,4,1553.417859,1,0
-12.670729,39,1554.985281,1,0
-24.153383,108,1559.174899,1,0
-9.167596,201,1566.964932,0,0
-2.40939,201,1574.745837,0,0
-3.475554,201,1582.671594,0,0
-11.384699,17,1583.466679,1,0
-11.133109,17,1584.245006,1,0
-13.992372,201,1592.017034,0,0
-11.036327,7,1592.394253,1,0
-18.144662,201,1600.241737,0,0
-12.342605,201,1607.912057,0,0
-6.436632,201,1615.828699,0,0
-10.581308,28,1617.070264,1,0
-10.876128,26,1618.148549,1,0
-5.880185,201,1625.762635,0,0
-13.446185,43,1627.470821,1,0
-4.136862,201,1635.186469,0,0
-12.54122,49,1637.10539,1,0
-10.950631,12,1637.680043,1,0
-3.400045,201,1645.352731,0,0
-3.375083,201,1653.011578,0,0
-10.027195,9,1653.46852,1,0
-3.388446,201,1661.126413,0,0
-9.517774,201,1668.790196,0,0
-19.098839,201,1676.598079,0,0
-10.535843,22,1677.5175,1,0
-4.955213,201,1685.810315,0,0
17.350901,46,1687.59941,2,1
-10.621045,8,1687.99719,1,0
-13.231781,201,1695.628899,0,0
-18.203829,103,1699.585627,1,0
-3.717976,201,1707.560359,0,0
-10.651793,5,1707.865407,1,0
-10.25,1,3559.794442,1,0
-10.351699,2,3559.992797,1,0
-10.25,1,3560.153021,1,0
-10.005638,3,3560.360027,1,0
-10.903775,5,3560.665632,1,0
-10.25,1,3560.80767,1,0
-10.226051,2,3560.986756,1,0
-10.713934,3,3561.209553,1,0
-10.105228,2,3561.393622,1,0
-11.91571,9,3561.859437,1,0
-10.496901,2,3562.059702,1,0
-10.926391,3,3562.271519,1,0
-12.890001,7,3562.665978,1,0
-13.749762,24,3563.702928,1,0
-10.71462,2,3563.886251,1,0
-10.724823,2,3564.066377,1,0
-13.978773,12,3564.617116,1,0
-10.860587,4,3564.879432,1,0
-14.348698,7,3565.253206,1,0
-10.52329,3,3565.459525,1,0
-10.232729,7,3565.81017,1,0
-10.899879,3,3566.033811,1,0
-10.729343,3,3566.242463,1,0
-10.289146,2,3566.430969,1,0
-12.883865,8,3566.841688,1,0
-14.465271,5,3567.161826,1,0
-10.381385,2,3567.34455,1,0
-10.112577,2,3567.517333,1,0
-10.582192,10,3568.652798,1,0
-10.410067,4,3568.918119,1,0
-10.25,1,3569.063523,1,0
-10.25,1,3569.22153,1,0
-10.219083,5,3569.513974,1,0
-10.232663,3,3569.752121,1,0
-10.480771,9,3570.242716,1,0
-10.236911,2,3570.419298,1,0
-11.26165,12,3571.01016,1,0
-11.488839,9,3571.437091,1,0
-9.751423,5,3571.732016,1,0
-12.818506,6,3572.07929,1,0
-10.25,1,3572.211102,1,0
-10.677645,2,3572.398194,1,0
-10.448125,2,3572.58123,1,0
-11.634712,10,3573.040099,1,0
-10.537947,2,3573.217514,1,0
-10.406367,2,3573.385968,1,0
-11.390639,5,3573.673875,1,0
-10.25,1,3573.824807,1,0
-12.531645,16,3574.527046,1,0
-10.911216,3,3574.743002,1,0
-15.850554,8,3575.142173,1,0
-12.140428,5,3575.437403,1,0
-9.998724,3,3575.656532,1,0
-10.25,1,3575.800309,1,0
-10.021769,4,3576.077153,1,0
-10.468111,2,3576.26005,1,0
-10.199443,5,3576.579327,1,0
-10.25,1,3576.717255,1,0
-10.25,1,3576.855593,1,0
-10.188141,2,3577.037504,1,0
-10.193007,2,3577.203003,1,0
-10.806221,4,3577.469687,1,0
-10.25,1,3577.609365,1,0
-10.343147,4,3577.878747,1,0
-10.036682,3,3578.106204,1,0
-10.931902,8,3578.497574,1,0
-18.23017,16,3579.182678,1,0
-10.794626,3,3579.401333,1,0
-9.98628,5,3579.689868,1,0
-12.393339,21,3580.621496,1,0
-16.33259,8,3581.030669,1,0
-10.225931,2,3581.214147,1,0
-11.180879,11,3581.714802,1,0
-10.29436,5,3582.037161,1,0
-10.497524,2,3582.214781,1,0
-10.617414,3,3582.444971,1,0
-10.246073,11,3582.97118,1,0
-10.25,1,3583.120722,1,0
-10.73504,5,3583.417645,1,0
-10.276815,2,3583.597613,1,0
-10.801236,4,3583.851893,1,0
-11.372692,12,3584.4315,1,0
-12.476212,5,3584.722647,1,0
-11.527723,5,3585.023871,1,0
-10.25,1,3585.183502,1,0
-23.356071,11,3585.680084,1,0
-9.827358,5,3585.973929,1,0
-10.41453,3,3586.1863,1,0
-11.194405,5,3586.484745,1,0
-10.505059,3,3586.708736,1,0
-10.160324,2,3586.877514,1,0
-9.906913,3,3587.106349,1,0
-10.458278,6,3587.410369,1,0
-26.801765,12,3587.962946,1,0
-12.221319,6,3588.305928,1,0
-10.675874,4,3588.55117,1,0
-11.224752,8,3588.95893,1,0
-10.426392,2,3589.144175,1,0
-10.281879,3,3589.351395,1,0
-10.345608,4,3589.615269,1,0
-10.458956,2,5511.736904,1,0
-10.547983,3,5511.964667,1,0
-10.890932,4,5512.203852,1,0
-10.844211,3,5512.420281,1,0
-10.261502,2,5512.599866,1,0
-10.498496,2,5512.796642,1,0
-10.371437,2,5512.972996,1,0
-9.933314,6,5513.294256,1,0
-10.723457,3,5513.510894,1,0
-11.876977,12,5514.054629,1,0
-10.281349,6,5514.398753,1,0
-12.358868,20,5515.271783,1,0
-9.520078,10,5515.772418,1,0
-10.308614,3,5516.002012,1,0
-10.9684,4,5516.257293,1,0
-10.59909,4,5516.537908,1,0
-10.097932,2,5516.709536,1,0
-10.70822,7,5517.065245,1,0
-10.077336,4,5517.332937,1,0
-10.55227,3,5517.548243,1,0
-10.224337,11,5518.192546,1,0
-12.02846,4,5518.449202,1,0
-10.84605,8,5518.849684,1,0
-10.863675,4,5519.126182,1,0
-11.379998,12,5519.710627,1,0
-10.105048,2,5519.889615,1,0
-13.598027,5,5520.20298,1,0
-10.254069,2,5520.395924,1,0
-10.321232,2,5520.585697,1,0
-11.711901,5,5520.922884,1,0
-10.826458,4,5521.18775,1,0
-10.456211,4,5521.481164,1,0
-12.983343,6,5521.838751,1,0
-10.225659,3,5522.06666,1,0
-10.804951,3,5522.298325,1,0
-12.17958,8,5522.715118,1,0
-14.870052,12,5523.284565,1,0
-10.739069,8,5523.696329,1,0
17.67934,4,5523.954891,2,1
-10.941023,3,5524.173952,1,0
-10.791867,5,5524.467312,1,0
-10.109567,2,5524.628372,1,0
-10.088857,5,5524.917735,1,0
-15.202883,8,5525.373796,1,0
-10.25,1,5525.534433,1,0
-10.32532,2,5525.739352,1,0
-10.227607,5,5526.049978,1,0
-10.256553,3,5526.27719,1,0
-10.482959,3,5526.527625,1,0
-10.25,1,5526.685531,1,0
-9.982512,3,5526.918254,1,0
-11.730114,16,5527.636098,1,0
-9.869387,7,5528.042469,1,0
-10.25,1,5528.180348,1,0
-8.45857,15,5528.865056,2,1
-10.449741,2,5529.044868,1,0
-9.943371,11,5529.590404,1,0
-10.25,1,5529.74213,1,0
-10.25,1,5529.900035,1,0
-10.40754,2,5530.082349,1,0
-10.309722,2,5530.253424,1,0
-10.223013,2,5530.421875,1,0
-10.431241,2,5530.612286,1,0
-11.000801,10,5531.069796,1,0
-10.25,1,5531.20114,1,0
-10.575666,2,5531.396004,1,0
-10.594072,3,5531.617222,1,0
-10.366712,8,5532.038157,1,0
-10.392601,7,5532.406108,1,0
-10.185523,4,5532.699506,1,0
-10.747697,6,5533.038213,1,0
-10.25,1,5533.195417,1,0
-10.201513,3,5533.401512,1,0
-9.978162,4,5533.657037,1,0
-10.411283,3,5533.868864,1,0
-10.25,1,5534.016666,1,0
-10.25,1,5534.167689,1,0
-10.25,1,5534.299189,1,0
-10.582177,4,5534.557652,1,0
-10.943287,7,5534.939857,1,0
-10.871886,3,5535.14955,1,0
-10.380988,5,5535.449879,1,0
-10.066409,4,5535.731278,1,0
-10.717649,3,5535.931844,1,0
-10.628534,3,5536.14237,1,0
-10.25,1,5536.277416,1,0
-10.083935,3,5536.505896,1,0
-10.306046,3,5536.71608,1,0
-10.733881,3,5536.916723,1,0
-10.587356,2,5537.097466,1,0
-10.18817,2,5537.272469,1,0
-13.152517,6,5537.628321,1,0
-11.100007,7,5537.996367,1,0
-10.740924,3,5538.223811,1,0
-10.276667,3,5538.443491,1,0
-12.158692,6,5538.786998,1,0
-12.556734,8,5539.227896,1,0
-10.174314,12,5539.812486,1,0
-11.928718,12,5540.408619,1,0
-10.25,1,5540.565947,1,0
-10.187428,3,7364.154439,1,0
-11.905781,5,7364.502547,1,0
-10.545827,3,7364.741795,1,0
-10.096314,2,7364.933541,1,0
-11.783437,8,7365.332489,1,0
-10.255375,6,7365.720898,1,0
-10.965156,10,7366.209662,1,0
-10.570663,2,7366.403281,1,0
-10.21627,2,7366.593956,1,0
-10.638931,2,7366.761153,1,0
17.515745,5,7367.072684,2,1
-10.253497,2,7367.268589,1,0
-10.046605,6,7367.61628,1,0
-11.575516,11,7368.165231,1,0
-8.608521,20,7369.089543,1,0
-11.299758,5,7369.369119,1,0
-10.247583,3,7369.622846,1,0
-10.471926,2,7369.821866,1,0
-10.182308,6,7370.163311,1,0
-10.117001,2,7370.357422,1,0
-35.429782,8,7370.760494,1,0
-10.528086,6,7371.105208,1,0
-28.594181,9,7371.546902,1,0
-27.216864,10,7372.04202,1,0
-9.9738,8,7372.435229,1,0
-10.434615,2,7372.608457,1,0
-11.509166,4,7372.866823,1,0
-10.128384,8,7373.272681,1,0
-9.904489,5,7373.564696,1,0
1.550101,4,7373.814516,2,1
-10.562774,2,7374.038773,1,0
18.603731,14,7374.696488,2,1
-10.137252,7,7375.050252,1,0
-10.373541,2,7375.249049,1,0
-10.043491,6,7375.596092,1,0
-10.436171,2,7375.770305,1,0
-10.25,1,7375.933136,1,0
-19.365229,8,7376.333091,1,0
-10.292972,2,7376.532231,1,0
-10.379532,3,7376.777613,1,0
-10.125674,2,7376.951479,1,0
-10.221349,3,7377.167568,1,0
-12.953251,5,7377.475088,1,0
-10.655487,8,7377.952135,1,0
-10.963971,3,7378.211279,1,0
-10.11281,2,7378.411221,1,0
-10.19423,2,7378.598964,1,0
-9.907609,8,7379.062695,1,0
5.583111,19,7379.90849,2,1
-10.203658,3,7380.118404,1,0
-10.495736,4,7380.388341,1,0
-11.044588,10,7380.886691,1,0
-10.408657,2,7381.059449,1,0
-10.031352,4,7381.320469,1,0
-10.490257,6,7381.6673,1,0
-10.935247,4,7381.924127,1,0
-10.070566,2,7382.103902,1,0
-10.473861,3,7382.306279,1,0
-10.362423,2,7382.497375,1,0
-10.34624,2,7382.683594,1,0
-24.998668,13,7383.271089,2,1
-11.663328,4,7383.563125,1,0
-10.25,1,7383.725446,1,0
-22.812523,12,7384.285865,1,0
-10.237924,2,7384.472787,1,0
-9.967402,8,7384.891598,1,0
-10.144821,3,7385.131145,1,0
-10.25,1,7385.282019,1,0
-11.379989,4,7385.553952,1,0
-10.328442,5,7385.839344,1,0
-10.29679,2,7386.040805,1,0
-10.148564,2,7386.273018,1,0
-10.404183,2,7386.483784,1,0
-10.251629,4,7386.751142,1,0
-10.556637,2,7386.943727,1,0
-10.445409,3,7387.180832,1,0
-27.989079,6,7387.512003,1,0
-8.973813,13,7388.138836,1,0
-10.506983,2,7388.336077,1,0
17.831931,8,7388.861887,2,1
-10.053161,5,7389.15729,1,0
-16.019586,4,7389.417609,1,0
-10.085585,4,7389.682484,1,0
-10.552491,2,7389.858191,1,0
-10.320792,9,7390.29457,1,0
-10.41726,2,7390.465131,1,0
-10.194941,6,7390.832341,1,0
-9.982458,7,7391.174801,1,0
-10.207723,2,7391.364405,1,0
-10.591972,3,7391.570059,1,0
-9.730905,6,7391.894255,1,0
-10.385932,7,7392.261932,1,0
-21.939822,12,7392.832322,1,0
-10.096317,2,7393.020126,1,0
-10.320549,2,7393.185283,1,0
-10.198188,3,7393.403035,1,0
-10.173398,11,7393.962557,1,0
-10.25,1,7394.101995,1,0
-10.25,1,7394.248015,1,0
-27.849901,7,7394.611501,1,0
14.334286,11,9119.653124,2,1
-10.101559,2,9119.824033,1,0
-10.61394,2,9120.001868,1,0
-9.84406,8,9120.401919,1,0
-9.965782,9,9120.82565,1,0
-9.890886,6,9121.142257,1,0
-10.584293,3,9121.355874,1,0
-15.372374,22,9122.240897,1,0
-10.493494,2,9122.418077,1,0
-10.191825,2,9122.59253,1,0
-10.478636,2,9122.783145,1,0
-10.431264,6,9123.134487,1,0
-9.853014,5,9123.435104,1,0
-10.25,1,9123.572344,1,0
18.407876,14,9124.171689,2,1
17.516401,6,9124.488063,2,1
-10.22857,6,9124.820565,1,0
-9.628625,7,9125.181935,1,0
-13.835761,11,9125.695656,1,0
-10.208321,3,9125.886495,1,0
6.166479,9,9126.318455,2,1
-9.870865,9,9126.748811,1,0
-12.880291,10,9127.219887,1,0
-10.285014,7,9127.5928,1,0
14.812303,23,9128.530371,2,1
-10.182819,4,9128.787252,1,0
-10.365099,2,9128.966726,1,0
18.029814,9,9129.394222,2,1
-10.162005,2,9129.584407,1,0
-10.310583,4,9129.829053,1,0
20.432802,23,9130.771633,2,1
-10.242588,6,9131.085246,1,0
-13.526053,9,9131.544138,1,0
-10.172744,5,9131.819098,1,0
-9.611747,10,9132.290632,1,0
-11.890402,8,9132.670333,1,0
-10.25,1,9132.823736,1,0
-9.750063,9,9133.258637,1,0
-10.25179,4,9133.496237,1,0
16.902582,12,9134.043289,2,1
-9.687398,7,9134.410396,1,0
-10.037373,9,9134.841603,1,0
-8.993001,19,9135.635221,1,0
-9.836114,11,9136.121707,1,0
-10.395902,4,9136.373802,1,0
-10.097313,2,9136.554664,1,0
-10.25,1,9136.721805,1,0
5.504024,11,9137.224041,2,1
-9.547863,6,9137.557976,1,0
-10.913594,14,9138.168249,1,0
16.956925,14,9138.772021,2,1
-10.097065,6,9139.089143,1,0
-10.444465,6,9139.405658,1,0
-12.966389,4,9139.67138,1,0
-9.137677,17,9140.408187,1,0
-10.210013,5,9140.682388,1,0
-10.25,1,9141.414386,1,0
14.744912,9,9141.849852,2,1
-10.259534,3,9142.074271,1,0
-9.574298,7,9142.421983,1,0
-15.119635,11,9142.964049,1,0
-9.924306,7,9143.323132,1,0
-10.250718,6,9143.642502,1,0
7.058616,10,9144.133983,1,0
-10.458927,2,9144.319861,1,0
18.732773,14,9144.956077,2,1
-10.563498,6,9145.302387,1,0
-11.100061,10,9145.790507,1,0
17.662762,5,9146.06232,2,1
17.198402,14,9146.657181,2,1
-9.410727,12,9147.197727,1,0
16.524385,8,9147.578383,2,1
15.812997,11,9148.104268,2,1
17.645266,11,9148.619042,2,1
-10.200341,8,9149.029004,1,0
-10.498158,5,9149.332974,1,0
-9.874446,10,9149.799356,1,0
-10.355751,8,9150.202231,1,0
-11.225096,6,9150.53203,1,0
-10.071686,18,9151.29563,1,0
-9.62928,8,9151.680307,1,0
-10.407329,6,9152.001497,1,0
-10.129705,3,9152.232501,1,0
-11.040806,7,9152.592407,1,0
-13.645363,15,9153.258898,1,0
18.386253,13,9153.80137,2,1
13.590171,4,9154.042599,2,1
-9.842656,4,9154.280929,1,0
-8.814537,12,9154.817893,1,0
18.678372,17,9155.526867,2,1
18.652181,24,9156.49949,2,1
17.00655,25,9157.498362,2,1
-9.680533,8,9157.884856,1,0
-9.804345,8,9158.275733,1,0
17.803287,13,9158.839427,2,1
-9.872292,8,9159.22229,1,0
-9.511264,10,9159.686724,1,0
-9.934597,8,9160.096119,1,0
-10.25,1,9160.225527,1,0
-10.424024,2,9160.395978,1,0
15.851011,4,10764.590567,2,1
-10.374426,2,10764.759512,1,0
-10.491281,3,10764.990922,1,0
15.460265,14,10765.605395,2,1
-10.031742,3,10765.79582,1,0
-10.70395,6,10766.124451,1,0
17.423186,4,10766.361371,2,1
-17.715378,18,10767.146908,1,0
-10.142466,7,10767.510963,1,0
-10.948196,7,10767.883674,1,0
-10.373751,15,10768.533695,1,0
-17.691844,4,10768.78615,1,0
-10.25,1,10768.928791,1,0
17.648593,4,10769.175698,2,1
-11.494373,14,10769.810115,1,0
-9.869243,4,10770.058738,1,0
17.82349,5,10770.325063,2,1
15.76503,12,10770.861992,2,1
-10.220317,7,10771.229536,1,0
-10.374408,2,10771.401634,1,0
-9.653038,8,10771.827564,1,0
-10.15861,10,10772.31131,1,0
18.795792,21,10773.164191,2,1
-1.79043,23,10774.104173,2,1
-9.498626,8,10774.498738,1,0
-10.672042,13,10775.101921,1,0
-9.474997,12,10775.644046,1,0
-10.25,1,10775.785012,1,0
18.759932,15,10776.434785,2,1
18.312177,7,10776.804459,2,1
15.390794,8,10777.197631,2,1
-13.650109,9,10777.645326,1,0
-10.383862,8,10778.110557,1,0
-10.817628,10,10778.610082,1,0
-10.229596,3,10778.964669,1,0
-9.94175,7,10779.33136,1,0
-10.27346,5,10779.609762,1,0
-10.867373,16,10780.336356,1,0
-10.408831,2,10780.510077,1,0
-10.385358,2,10780.688286,1,0
-10.118717,2,10780.879957,1,0
-10.855695,17,10781.615854,1,0
-10.677786,26,10782.686438,1,0
-10.125589,2,10782.863199,1,0
-10.075796,6,10783.195331,1,0
-10.267691,2,10783.397794,1,0
-10.802698,15,10784.046825,1,0
-19.515988,8,10784.459832,1,0
16.021762,14,10785.108394,2,1
-12.432082,11,10785.640115,1,0
-10.611318,7,10786.025944,1,0
-9.944999,5,10786.33158,1,0
-10.212226,3,10786.545781,1,0
13.001354,22,10787.463691,2,1
-10.300237,5,10787.74773,1,0
-10.306075,5,10788.047246,1,0
-10.425981,2,10788.236877,1,0
-11.574782,7,10788.619018,1,0
-14.688461,9,10789.054069,1,0
-10.25,1,10789.211832,1,0
-10.166673,9,10789.648523,1,0
-9.253672,13,10790.22273,1,0
-14.428103,6,10790.559606,1,0
18.284823,10,10791.038973,2,1
-9.902825,8,10791.434045,1,0
17.651562,2,10791.60389,2,1
-10.167683,3,10791.827893,1,0
-10.451976,4,10792.083612,1,0
-10.091127,3,10792.32319,1,0
-10.119195,11,10792.848259,1,0
-10.689955,5,10793.153785,1,0
17.643648,3,10793.381497,2,1
-10.961299,7,10793.75141,1,0
-9.945717,6,10794.068278,1,0
12.137315,19,10794.863609,2,1
17.616198,5,10795.142636,2,1
-10.770972,12,10795.71605,1,0
17.655374,10,10796.188274,2,1
-10.427642,5,10796.558584,1,0
-10.387344,4,10796.825724,1,0
18.118538,13,10797.456301,2,1
-18.315344,11,10797.99161,1,0
-0.979776,15,10798.647086,2,1
-9.842693,7,10799.041023,1,0
17.891026,16,10799.716022,2,1
-10.207708,6,10800.053709,1,0
17.340675,9,10800.480366,2,1
-10.173032,9,10800.898843,1,0
-10.212309,9,10801.335255,1,0
18.074035,11,10801.846072,2,1
-10.214723,12,10802.395132,1,0
-10.367894,4,10802.658432,1,0
9.538371,14,10803.272236,2,1
-10.420477,6,10803.606378,1,0
-10.407884,2,10803.792948,1,0
-9.805983,15,10804.438597,1,0
-12.090683,10,10804.93479,1,0
16.347079,19,10805.71496,2,1
-9.780914,8,10806.130886,1,0
-10.14174,7,10806.487916,1,0
-43.953623,108,12433.127594,1,0
14.785651,8,12434.072322,2,1
-10.175562,2,12434.264402,1,0
12.204879,9,12434.7367,2,1
-11.733956,13,12435.464711,1,0
-10.596928,4,12435.761752,1,0
-10.669477,6,12436.137815,1,0
8.615513,28,12437.398483,2,1
-10.431116,2,12437.608485,1,0
4.339169,18,12438.406054,2,1
-10.171432,3,12438.629519,1,0
16.519423,22,12439.55883,2,1
-10.25,1,12439.725809,1,0
-10.121167,2,12439.902639,1,0
-10.25,1,12440.047933,1,0
11.064477,9,12440.481837,2,1
-10.25,1,12440.624812,1,0
12.468523,10,12441.113663,2,1
-12.161432,8,12441.52276,1,0
12.693799,11,12442.040311,2,1
-44.708407,201,12449.465583,0,0
13.916042,16,12450.164113,2,1
18.448729,11,12450.710088,2,1
17.385096,9,12451.122695,2,1
-10.777027,3,12451.342648,1,0
15.93861,12,12451.892341,2,1
-10.372359,2,12452.062222,1,0
-10.16382,2,12452.246856,1,0
14.970908,12,12452.782509,2,1
-10.524001,2,12452.965377,1,0
17.934038,19,12453.778359,2,1
-9.879841,11,12454.327135,1,0
-10.574621,2,12454.499295,1,0
-12.558448,17,12455.203102,1,0
-13.270741,11,12455.734982,1,0
-12.498194,5,12456.019006,1,0
-9.920681,4,12456.281892,1,0
16.01137,12,12456.833624,2,1
-10.513744,4,12457.083592,1,0
17.69678,10,12457.569806,2,1
12.248104,22,12458.472234,2,1
-0.2975,201,12466.14889,0,0
16.826171,8,12466.565041,2,1
-9.986234,7,12466.934215,1,0
-13.783342,19,12467.745678,1,0
-10.367801,3,12467.9712,1,0
13.057417,16,12468.668573,2,1
14.36641,20,12469.5411,2,1
3.106984,34,12470.930734,1,0
-10.210499,3,12471.150404,1,0
-10.032412,3,12471.371803,1,0
-10.547069,3,12471.603499,1,0
-13.671978,7,12471.982495,1,0
17.521321,4,12472.24267,2,1
7.982416,17,12473.055645,2,1
-10.116864,2,12473.259316,1,0
-10.343249,6,12473.649474,1,0
-10.021883,3,12474.014759,1,0
-19.992877,17,12474.814589,1,0
-10.550675,2,12475.015637,1,0
-10.630921,5,12475.305426,1,0
-11.784543,7,12475.687728,1,0
12.554783,7,12476.051155,2,1
9.401581,14,12476.697299,2,1
8.223571,16,12477.416604,2,1
-10.25,1,12477.566982,1,0
13.02107,13,12478.164984,2,1
-17.663881,12,12478.721814,1,0
11.748725,15,12479.393669,2,1
-10.660291,5,12479.682894,1,0
13.760427,6,12479.987432,2,1
-10.096018,2,12480.172678,1,0
-12.290937,9,12480.59404,1,0
18.475058,9,12481.052039,2,1
13.868837,8,12481.447266,2,1
-12.111488,4,12481.729805,1,0
-10.308915,14,12482.347583,1,0
-10.029267,4,12482.61147,1,0
-11.841313,4,12482.868549,1,0
-2.359387,30,12484.059355,2,1
-9.90174,4,12484.309911,1,0
-12.486885,11,12484.849432,1,0
-10.423322,4,12485.125217,1,0
16.554585,12,12485.692827,2,1
12.261473,20,12486.557093,2,1
-10.101779,2,12486.749901,1,0
7.551383,35,12488.178768,2,1
17.710379,6,12488.517435,2,1
13.055191,7,12488.88718,2,1
16.70792,19,12489.814023,2,1
-10.543629,4,12490.0667,1,0
-10.613838,9,12490.520148,1,0
-12.127259,20,12491.372149,1,0
8.111367,21,12492.250288,2,1
-10.660933,6,12492.576138,1,0
-10.909619,7,12492.956172,1,0
-10.126076,2,12493.125267,1,0
-10.835685,5,12493.414903,1,0
15.202993,9,12493.850356,2,1
-11.621235,4,12494.103327,1,0
7.731361,22,13952.998042,2,1
-10.347431,2,13953.17602,1,0
16.295602,14,13953.767971,2,1
-10.368494,5,13954.042352,1,0
-10.238532,2,13954.220339,1,0
-12.806829,4,13954.481593,1,0
15.35892,9,13954.925263,2,1
-9.903245,3,13955.152841,1,0
-10.852077,7,13955.510151,1,0
-14.804145,18,13956.26178,1,0
18.167276,12,13956.794992,2,1
11.596818,21,13957.667574,2,1
-10.150707,4,13957.916884,1,0
17.943003,9,13958.343761,2,1
-10.740521,3,13958.572315,1,0
-14.534116,10,13959.043173,1,0
15.136443,16,13959.720948,2,1
-4.593084,54,13961.793553,2,1
-9.42252,17,13962.542922,1,0
-18.864824,17,13963.257916,1,0
17.72731,3,13963.458404,2,1
-10.25,1,13963.606009,1,0
-22.807861,16,13964.280563,1,0
7.71374,27,13965.383919,2,1
17.694536,15,13966.074776,2,1
13.098122,12,13966.643516,2,1
14.840513,15,13967.290011,2,1
-10.368578,2,13967.478133,1,0
-10.41329,2,13967.653769,1,0
12.137097,13,13968.21889,2,1
-12.406444,5,13968.513021,1,0
18.945577,14,13969.120272,2,1
16.994306,18,13969.937281,2,1
-10.010765,4,13970.218999,1,0
-10.653321,3,13970.441812,1,0
-10.25,1,13970.581184,1,0
-10.07592,3,13970.812857,1,0
-9.208522,8,13971.233145,1,0
-10.851409,7,13971.617804,1,0
9.467117,23,13972.586213,2,1
10.49984,21,13973.482007,2,1
-9.888442,8,13973.86927,1,0
-10.176422,4,13974.12302,1,0
7.524454,31,13975.392587,2,1
17.884732,4,13975.648453,2,1
-9.639864,7,13976.028467,1,0
-14.638415,8,13976.411712,1,0
8.29162,20,13977.260389,2,1
14.074456,9,13977.686477,2,1
-10.143147,4,13977.940401,1,0
-10.708988,8,13978.329378,1,0
0.337652,8,13978.728172,1,0
-14.029313,26,13979.766788,1,0
-11.206062,11,13980.290853,1,0
5.752176,20,13981.105784,2,1
-10.25,1,13981.242967,1,0
-28.666022,21,13982.108572,1,0
16.733536,10,13982.572217,2,1
13.616164,12,13983.103289,2,1
-10.892366,6,13983.432558,1,0
-11.052813,17,13984.144461,1,0
18.169565,8,13984.530779,2,1
-10.25,1,13984.661252,1,0
14.420136,13,13985.237664,2,1
-10.062438,7,13985.581201,1,0
9.47758,28,13986.726029,2,1
-9.889439,5,13987.022157,1,0
-10.163912,9,13987.476351,1,0
15.527294,8,13987.96041,2,1
-10.25,1,13988.10513,1,0
9.343713,26,13989.117393,2,1
13.656771,20,13989.969782,2,1
15.889841,8,13990.355079,2,1
-8.260211,23,13991.287109,2,1
-10.639653,8,13991.687358,1,0
-11.342395,11,13992.237028,1,0
-10.25,1,13992.434371,1,0
-1.136002,16,13993.140191,2,1
-9.687925,9,13993.564778,1,0
9.568494,14,13994.167464,2,1
-12.536459,9,13994.58843,1,0
-0.627459,201,14002.314835,0,0
-11.467613,8,14002.701055,1,0
-10.692276,13,14003.379467,1,0
-10.078508,3,14003.581319,1,0
-10.909481,6,14003.897918,1,0
10.582685,9,14004.333738,2,1
-10.146661,4,14004.578676,1,0
12.064326,12,14005.113692,2,1
-10.332023,30,14006.25981,2,1
12.77076,21,14007.111024,2,1
-10.405592,4,14007.370381,1,0
-9.821079,13,14007.943423,1,0
-10.594095,4,14008.204271,1,0
13.827953,11,14008.699378,2,1
18.397804,13,14009.265381,2,1
18.047422,7,14009.590938,2,1
-16.123371,8,14009.987998,1,0
-9.52197,10,14010.477478,1,0
-15.371102,11,14010.95568,1,0
-10.324857,2,15437.395031,1,0
-11.347304,8,15437.827276,1,0
14.290952,16,15438.530877,2,1
18.449501,10,15438.991016,2,1
18.448105,21,15439.878844,2,1
-10.199955,3,15440.102221,1,0
17.692456,9,15440.534991,2,1
-11.388027,5,15440.831563,1,0
15.145488,15,15441.48892,2,1
-10.037905,5,15441.78497,1,0
-10.224126,5,15442.070899,1,0
18.80864,12,15442.628611,2,1
-9.934202,9,15443.105431,1,0
15.601294,6,15443.457916,2,1
9.720041,16,15444.192774,2,1
-10.394959,6,15444.526589,1,0
17.735412,9,15444.992755,2,1
-11.370751,6,15445.338618,1,0
-9.094598,33,15446.671559,1,0
-10.189835,3,15446.900886,1,0
16.141648,14,15447.537606,2,1
17.018804,9,15447.99237,2,1
-3.628551,32,15449.26686,2,1
12.971262,20,15450.084718,2,1
-10.233396,10,15450.551566,1,0
-1.715876,18,15451.294969,2,1
15.930743,21,15452.168141,2,1
-26.360158,16,15452.900255,1,0
17.440338,7,15453.26236,2,1
18.137383,9,15453.734925,2,1
-10.25,1,15453.92159,1,0
-9.841239,7,15454.433085,1,0
-10.148244,9,15454.965889,1,0
15.808337,14,15455.592585,2,1
-10.661637,3,15455.885632,1,0
1.285962,19,15456.681642,2,1
-10.250717,3,15456.908504,1,0
14.31737,26,15457.951216,2,1
-11.449582,3,15458.17475,1,0
16.855807,12,15458.722764,2,1
13.837338,18,15459.447816,2,1
5.353081,24,15460.427274,2,1
13.588547,12,15460.975755,2,1
-10.656757,11,15461.474335,1,0
-11.813683,18,15462.22076,1,0
16.046616,17,15462.953238,2,1
15.322573,15,15463.661975,2,1
-10.556663,8,15464.076419,1,0
-10.04813,2,15464.296481,1,0
17.335747,14,15465.109581,2,1
-10.495042,4,15465.442239,1,0
-10.25,1,15465.611439,1,0
17.306397,17,15466.536092,2,1
-10.25,1,15466.689461,1,0
-11.123695,11,15467.177312,1,0
1.462732,20,15468.002013,1,0
14.923898,22,15468.874181,2,1
15.196146,42,15470.738319,2,1
18.66433,26,15471.760372,2,1
13.607182,11,15472.27543,2,1
-10.282429,6,15472.634241,1,0
12.697423,10,15473.121557,2,1
18.071143,21,15474.00282,2,1
-10.25,1,15474.148339,1,0
-10.201151,2,15474.331887,1,0
12.764239,12,15474.852918,2,1
17.196543,13,15475.419754,2,1
15.627226,8,15475.829615,2,1
15.15981,29,15477.028486,2,1
17.599361,14,15477.649095,2,1
-9.788431,6,15477.98228,1,0
-10.334808,3,15478.238572,1,0
8.301001,12,15478.853275,2,1
-12.613821,13,15479.44768,1,0
18.203309,15,15480.083532,2,1
16.176763,7,15480.43112,2,1
-10.197669,6,15480.779394,1,0
-10.595001,7,15481.150615,1,0
12.038349,17,15481.855576,2,1
-10.096713,2,15482.029111,1,0
-10.018218,3,15482.250532,1,0
12.847618,17,15482.963927,2,1
15.650943,9,15483.388099,2,1
13.799991,27,15484.472517,2,1
-10.389776,6,15484.790164,1,0
-10.562675,2,15484.979403,1,0
15.048421,17,15485.703099,2,1
17.692369,5,15485.978286,2,1
9.965289,23,15486.890897,2,1
16.944235,16,15487.580215,2,1
18.333926,8,15487.964929,2,1
14.665332,18,15488.723453,2,1
-10.109915,3,15488.932565,1,0
17.347943,12,15489.483627,2,1
12.936903,24,15490.413314,2,1
-10.057864,3,15490.625019,1,0
17.845127,4,15490.861394,2,1
17.407875,22,15491.770784,2,1
-12.737298,11,15492.261089,1,0
-10.100235,3,15492.481152,1,0
13.808452,14,16853.210114,2,1
17.816564,16,16853.881568,2,1
-10.114706,4,16854.139153,1,0
19.06305,18,16854.881468,2,1
18.299131,19,16855.68218,2,1
14.215854,23,16856.616651,2,1
14.158809,17,16857.327795,2,1
18.855497,13,16857.894773,2,1
-9.90211,9,16858.344146,1,0
-10.200097,2,16858.514899,1,0
17.750464,17,16859.234711,2,1
16.228793,22,16860.124209,2,1
-10.25,1,16860.274612,1,0
12.565303,27,16861.379949,2,1
13.40028,19,16862.144447,2,1
19.148044,19,16862.939634,2,1
2.290529,59,16865.178451,2,1
17.73405,3,16865.383064,2,1
16.830419,21,16866.275589,2,1
14.076855,15,16866.911366,2,1
13.045907,50,16868.868589,2,1
9.177676,13,16869.438993,2,1
-21.436624,14,16870.057441,1,0
-10.780438,3,16870.277587,1,0
19.626528,20,16871.108626,2,1
-5.91723,24,16872.114545,2,1
16.783372,4,16872.370003,2,1
13.637932,13,16872.937507,2,1
-10.236926,7,16873.321626,1,0
18.024929,13,16873.910926,2,1
-10.046377,7,16874.372165,1,0
13.347469,28,16875.54601,2,1
18.156754,9,16875.971411,2,1
-10.579731,2,16876.161883,1,0
11.870866,28,16877.294062,2,1
17.416023,23,16878.22879,2,1
13.219601,29,16879.40243,2,1
-10.335078,8,16879.814279,1,0
16.86955,41,16881.366457,2,1
-10.25,1,16881.508844,1,0
17.775793,4,16881.764426,2,1
18.54753,16,16882.466791,2,1
12.193033,31,16883.724426,2,1
18.13736,21,16884.590147,2,1
14.173887,23,16885.56024,2,1
-11.410585,5,16885.840518,1,0
-9.991313,4,16886.08337,1,0
19.093235,28,16887.284712,2,1
17.031178,21,16888.157207,2,1
14.354548,42,16889.829333,2,1
-12.684471,6,16890.145325,1,0
10.97419,9,16890.612443,2,1
-10.491927,2,16890.800259,1,0
16.605844,15,16891.470758,2,1
-9.845839,10,16891.942314,1,0
18.01266,9,16892.382542,2,1
-11.736468,10,16892.868613,1,0
-11.129498,5,16893.146113,1,0
17.911343,5,16893.454911,2,1
17.84506,6,16893.776161,2,1
12.53358,24,16894.782614,2,1
-13.259714,10,16895.280836,1,0
17.920755,4,16895.531666,2,1
9.324257,25,16896.663914,2,1
-17.351443,15,16897.353871,1,0
-10.636438,11,16897.865428,1,0
0.066845,16,16898.558788,2,1
3.319475,36,16899.987703,2,1
11.600256,35,16901.39237,2,1
-8.640606,126,16906.186908,2,1
18.990901,16,16906.866822,2,1
16.887008,22,16907.760658,2,1
-12.062233,8,16908.141665,1,0
14.763272,29,16909.319679,2,1
-10.043121,26,16910.371135,1,0
8.503295,22,16911.268898,2,1
17.558716,14,16911.866978,2,1
-10.25,1,16911.991118,1,0
13.246092,9,16912.426309,2,1
15.080329,14,16913.051664,2,1
11.818154,3,16913.255474,2,1
19.248377,15,16913.909582,2,1
17.652307,2,16914.081587,2,1
18.590697,20,16914.929054,2,1
14.887709,6,16915.291387,2,1
18.547936,11,16915.794235,2,1
16.938344,5,16916.082037,2,1
-10.264219,2,16916.279692,1,0
17.735463,6,16916.587701,2,1
-10.25,1,16916.728719,1,0
-13.37041,23,16917.660875,1,0
18.951048,27,16918.773438,2,1
15.799622,14,16919.388997,2,1
-10.036717,3,16919.598046,1,0
16.690369,19,16920.374328,2,1
16.141947,4,16920.613553,2,1
14.731085,11,16921.12311,2,1
17.997625,10,16921.58237,2,1
12.840348,14,16922.213189,2,1
1.700062,42,16924.037151,2,1
15.502116,30,18229.697013,2,1
18.193854,14,18230.296965,2,1
14.848494,20,18231.12618,2,1
17.883842,23,18232.061964,2,1
18.201402,7,18232.423325,2,1
14.833971,23,18233.339436,2,1
18.152425,10,18233.80234,2,1
18.38952,9,18234.219998,2,1
13.2802,40,18235.747149,2,1
18.684015,9,18236.17679,2,1
12.517007,32,18237.426565,2,1
-10.261278,5,18237.70175,1,0
11.008278,39,18239.208148,2,1
-11.212032,13,18239.898436,1,0
15.139215,16,18240.580974,2,1
17.975386,13,18241.152028,2,1
-13.64442,26,18242.181268,1,0
10.730358,11,18242.675579,2,1
16.266349,14,18243.293058,2,1
-10.082853,16,18243.990542,1,0
16.965227,22,18244.889578,2,1
17.745316,22,18245.775736,2,1
17.38448,21,18246.626119,2,1
17.995687,6,18246.945208,2,1
16.682795,22,18247.834022,2,1
-10.156922,7,18248.184871,1,0
-9.895729,12,18248.743308,1,0
-10.603377,3,18248.95978,1,0
17.300475,10,18249.413459,2,1
16.230279,27,18250.506996,2,1
16.950547,26,18251.54633,2,1
17.666936,47,18253.354585,2,1
16.707473,11,18253.838439,2,1
17.290888,11,18254.323016,2,1
17.645713,20,18255.12614,2,1
-10.865808,12,18255.684277,1,0
-10.14218,4,18255.923133,1,0
20.651769,22,18256.8389,2,1
17.519664,10,18257.302857,2,1
15.077265,8,18257.696095,2,1
15.781441,18,18258.474322,2,1
17.71155,5,18258.755357,2,1
18.243457,7,18259.103203,2,1
-14.95695,28,18260.249705,1,0
18.873666,11,18260.73978,2,1
17.222466,30,18261.909979,2,1
-10.506558,6,18262.239517,1,0
16.464849,12,18262.780169,2,1
3.25454,47,18264.584289,2,1
-9.943637,8,18264.995684,1,0
18.605535,14,18265.616898,2,1
-11.475323,13,18266.179828,1,0
-15.603945,30,18267.412498,1,0
15.718382,19,18268.217528,2,1
16.458471,18,18268.954733,2,1
-10.149534,16,18269.635963,1,0
18.482292,8,18270.023678,2,1
-11.213474,16,18270.685048,1,0
18.820072,34,18272.028029,2,1
-15.356261,15,18272.683973,1,0
17.102863,15,18273.340603,2,1
-10.25,1,18273.479534,1,0
10.96464,20,18274.287453,2,1
-10.860647,9,18274.712759,1,0
-16.660336,18,18275.473878,1,0
-10.845883,13,18276.046442,1,0
-10.25,1,18276.193873,1,0
-15.932692,35,18277.563479,1,0
18.560062,17,18278.280573,2,1
-11.2292,6,18278.581886,1,0
16.637212,18,18279.346275,2,1
17.680842,5,18279.630639,2,1
16.818616,16,18280.299351,2,1
18.676835,17,18281.005492,2,1
19.669367,32,18282.263212,2,1
-9.619828,16,18282.957902,1,0
18.251609,13,18283.525443,2,1
8.316946,18,18284.267107,2,1
15.934849,27,18285.34561,2,1
-10.652646,15,18285.993485,1,0
19.0493,16,18286.662392,2,1
-11.367591,8,18287.039313,1,0
-10.101693,9,18287.482811,1,0
19.412439,18,18288.248985,2,1
17.021824,34,18289.589458,2,1
-6.559371,45,18291.320772,2,1
19.716043,16,18291.994002,2,1
14.644462,15,18292.626862,2,1
18.641507,20,18293.450298,2,1
18.777053,16,18294.111108,2,1
18.22067,7,18294.562367,2,1
-13.583651,42,18296.187433,2,1
16.857232,22,18297.071764,2,1
-5.553572,40,18298.601026,2,1
-10.367906,14,18299.210795,1,0
16.428554,29,18300.387776,2,1
17.703432,12,18300.898893,2,1
17.651151,2,18301.08003,2,1
17.941678,23,18302.015828,2,1
15.314074,13,18302.592103,2,1
-36.214459,145,19581.501812,2,1
-12.374684,85,19584.644369,1,0
18.291388,11,19585.154702,2,1
16.556174,8,19585.538523,2,1
-10.334272,17,19586.272648,1,0
19.187357,17,19586.951728,2,1
-12.309311,21,19587.831272,1,0
18.930057,20,19588.653587,2,1
18.232909,7,19589.026424,2,1
19.632586,24,19590.010428,2,1
17.815125,5,19590.29853,2,1
17.410981,16,19590.994489,2,1
17.709767,26,19592.046323,2,1
19.690595,17,19592.747334,2,1
-14.865144,9,19593.176708,1,0
-10.470772,28,19594.288307,1,0
15.444601,30,19595.477238,2,1
11.292916,24,19596.44435,2,1
15.306304,17,19597.139637,2,1
18.299198,16,19597.827804,2,1
17.601089,10,19598.289791,2,1
-12.497218,3,19598.524127,1,0
17.932949,28,19599.651276,2,1
13.58306,29,19600.773174,2,1
17.903851,14,19601.369728,2,1
15.868173,17,19602.090833,2,1
16.977095,27,19603.110525,2,1
-11.036556,8,19603.498196,1,0
17.163739,31,19604.717782,2,1
12.980647,23,19605.621592,2,1
-11.152545,6,19605.930623,1,0
14.682958,22,19606.808379,2,1
-15.586555,20,19607.622812,1,0
17.779163,4,19607.846965,2,1
17.813332,22,19608.756352,2,1
17.194559,20,19609.578176,2,1
-11.552678,26,19610.58311,1,0
17.473665,12,19611.122147,2,1
-10.58494,4,19611.374458,1,0
16.448188,12,19611.900853,2,1
13.781045,47,19613.681026,2,1
-10.340146,21,19614.526166,1,0
18.465533,15,19615.179142,2,1
17.720841,15,19615.813322,2,1
-9.82304,28,19616.932629,1,0
18.42217,11,19617.432603,2,1
-11.722514,6,19617.762439,1,0
15.797744,27,19618.815621,2,1
-24.167669,26,19619.865744,1,0
18.427031,20,19620.693142,2,1
16.359232,62,19623.059819,2,1
16.347483,17,19623.778465,2,1
-21.187529,22,19624.659606,1,0
8.889698,35,19626.026926,2,1
18.418813,7,19626.384075,2,1
17.827971,14,19626.988909,2,1
-9.270113,11,19627.496543,1,0
7.8697,6,19627.818142,1,0
-10.448573,9,19628.234705,1,0
-21.826814,27,19629.299326,1,0
13.408929,32,19630.543534,2,1
-8.756603,21,19631.387527,1,0
15.701316,33,19632.690905,2,1
15.422009,10,19633.134807,2,1
17.049764,7,19633.498356,2,1
18.228306,14,19634.115934,2,1
18.165217,6,19634.409103,2,1
18.653015,12,19634.940123,2,1
20.24234,26,19636.018569,2,1
18.49692,27,19637.20247,2,1
19.221493,19,19638.010648,2,1
-10.330361,3,19638.214349,1,0
16.691108,24,19639.196939,2,1
16.863663,23,19640.143925,2,1
18.948619,16,19640.824808,2,1
15.99964,22,19641.706497,2,1
17.12989,5,19641.993432,2,1
-14.444968,14,19642.586235,1,0
-10.88612,5,19642.879128,1,0
-11.164174,10,19643.341835,1,0
18.65461,10,19643.804425,2,1
18.615556,11,19644.304743,2,1
14.7192,26,19645.360263,2,1
-12.798592,5,19645.659748,1,0
-18.948735,56,19647.775408,1,0
-10.115816,10,19648.248092,1,0
17.210011,8,19648.643224,2,1
19.066023,22,19649.552378,2,1
18.261461,7,19649.905229,2,1
12.687711,8,19650.301069,2,1
17.636279,2,19650.464137,2,1
17.587831,10,19650.90251,2,1
12.78668,20,19651.70084,2,1
18.777546,13,19652.274069,2,1
18.464212,8,19652.667072,2,1
-10.431714,6,19652.994294,1,0
-1.216345,201,19660.278152,0,0
11.868566,33,19661.590426,2,1
-11.68158,16,19662.284437,1,0
17.558728,28,19663.388835,2,1
19.782481,20,20900.277328,2,1
3.98544,9,20900.704492,2,1
18.788062,16,20901.385868,2,1
18.909035,31,20902.602837,2,1
14.962201,26,20903.643978,2,1
16.959329,22,20904.579476,2,1
-10.941979,8,20904.956074,1,0
18.837453,26,20906.057875,2,1
-13.24481,7,20906.428329,1,0
14.058302,29,20907.875691,2,1
-9.894695,10,20908.398789,1,0
19.367168,20,20909.327689,2,1
17.01287,22,20910.333388,2,1
21.285168,32,20911.64029,2,1
14.30149,22,20912.525913,2,1
16.727774,24,20913.527416,2,1
15.378662,42,20915.260431,2,1
-10.22385,3,20915.491933,1,0
-10.078794,2,20915.694652,1,0
19.787241,23,20916.665505,2,1
-10.262753,4,20916.929849,1,0
19.484633,18,20917.735304,2,1
12.50074,29,20918.937235,2,1
17.543456,24,20920.002327,2,1
-10.523644,2,20920.193833,1,0
-10.380121,4,20920.452027,1,0
15.521476,30,20921.733211,2,1
18.346398,15,20922.395069,2,1
9.527134,20,20923.332258,2,1
18.422121,9,20923.821025,2,1
18.469195,22,20924.745885,2,1
18.673416,14,20925.380554,2,1
18.290209,14,20926.015418,2,1
-22.850894,13,20926.789216,1,0
18.02106,6,20927.151472,2,1
19.057105,17,20927.922904,2,1
-13.961746,201,20935.458441,0,0
19.077988,19,20936.315776,2,1
15.941188,20,20937.152668,2,1
17.636278,5,20937.45115,2,1
18.405527,9,20937.886718,2,1
15.389364,27,20938.982922,2,1
-10.198877,2,20939.151414,1,0
18.483079,14,20939.778968,2,1
-13.96681,15,20940.416784,1,0
15.856964,10,20940.899573,2,1
19.349092,14,20941.491136,2,1
-58.535722,121,20946.064966,1,0
17.81105,4,20946.297765,2,1
17.101761,19,20947.094935,2,1
17.808038,3,20947.320073,2,1
19.232964,19,20948.086913,2,1
15.410075,15,20948.743841,2,1
17.220371,15,20949.3891,2,1
17.636498,6,20949.713502,2,1
17.921138,22,20950.61368,2,1
15.354539,3,20950.834687,2,1
-9.966863,5,20951.127393,1,0
18.483068,14,20951.732051,2,1
17.626499,10,20952.188012,2,1
14.151745,10,20952.661677,2,1
18.511301,8,20953.038168,2,1
16.78224,17,20953.759666,2,1
-17.545945,9,20954.194833,1,0
-10.142046,7,20954.543204,1,0
20.327033,23,20955.635416,2,1
17.168993,20,20956.511786,2,1
17.252705,19,20957.321594,2,1
17.365665,10,20957.805329,2,1
19.69487,24,20958.821276,2,1
17.916593,8,20959.207741,2,1
19.145408,12,20959.766186,2,1
17.635966,10,20960.22183,2,1
16.494334,22,20961.138745,2,1
-24.585823,18,20961.902748,1,0
14.773161,22,20962.841333,2,1
18.058488,31,20964.084808,2,1
-12.977832,8,20964.473973,1,0
17.664394,4,20964.687807,2,1
0.738332,16,20965.390245,2,1
18.254154,21,20966.298732,2,1
15.633897,18,20967.079026,2,1
21.123685,31,20968.348774,2,1
18.173179,14,20968.963561,2,1
12.260074,16,20969.63882,2,1
18.907349,15,20970.349864,2,1
15.52427,22,20971.407197,2,1
18.521681,15,20972.113807,2,1
16.915669,14,20972.748175,2,1
18.416816,30,20973.993826,2,1
17.813892,30,20975.230444,2,1
16.350218,18,20975.997221,2,1
17.601657,8,20976.41981,2,1
19.27882,31,20977.680537,2,1
10.531501,43,20979.395982,2,1
21.198523,32,20980.710393,2,1
-11.385544,5,20980.996659,1,0
17.793697,22,20981.901751,2,1
16.219365,30,20983.129333,2,1
20.20281,39,20984.715512,2,1
17.276025,10,22301.235882,2,1
18.287327,11,22301.737785,2,1
18.527254,19,22302.563425,2,1
16.108869,8,22302.959108,2,1
17.796878,13,22303.564888,2,1
12.77445,22,22304.447012,2,1
17.693519,4,22304.701581,2,1
-15.557536,33,22306.083386,1,0
9.90439,38,22307.591308,2,1
11.822069,13,22308.167849,2,1
-10.460595,3,22308.3786,1,0
7.775473,38,22309.926563,2,1
7.136658,12,22310.456685,2,1
16.621954,17,22311.18788,2,1
15.593193,19,22312.020679,2,1
17.875173,8,22312.424724,2,1
17.494625,15,22313.08667,2,1
18.714716,15,22313.762985,2,1
-10.489828,8,22314.158596,1,0
10.30335,27,22315.307078,2,1
-10.25,1,22315.440471,1,0
11.616028,27,22316.56547,2,1
-10.22465,2,22316.755243,1,0
-12.768712,16,22317.478518,1,0
18.751063,19,22318.280626,2,1
-12.102254,25,22319.38,1,0
17.892754,9,22319.854398,2,1
3.447061,17,22320.730435,2,1
19.881874,30,22321.962971,2,1
16.75358,17,22322.697145,2,1
18.386803,9,22323.134205,2,1
16.784021,15,22323.778661,2,1
19.305176,21,22324.662455,2,1
17.213652,20,22325.516981,2,1
15.745112,24,22326.5034,2,1
15.050647,22,22327.417986,2,1
12.659152,42,22329.034216,2,1
18.132918,21,22329.95038,2,1
11.235146,31,22331.266301,2,1
17.726523,10,22331.732609,2,1
17.772289,22,22332.624348,2,1
16.548513,3,22332.839921,2,1
19.094049,25,22333.851144,2,1
19.980021,26,22334.926871,2,1
18.095809,15,22335.617054,2,1
5.701158,24,22336.653059,2,1
-19.790671,88,22340.007471,1,0
19.190328,13,22340.585089,2,1
-10.257346,5,22340.8767,1,0
18.532203,8,22341.275178,2,1
17.572553,13,22341.849844,2,1
8.426163,84,22346.058363,2,1
16.462733,21,22346.933839,2,1
-10.25,1,22347.08127,1,0
-10.372341,3,22347.28164,1,0
16.603057,39,22348.855093,2,1
-10.059376,3,22349.0759,1,0
17.521351,40,22350.708106,2,1
17.767688,4,22350.945124,2,1
-16.993673,4,22351.207124,1,0
17.537534,25,22352.237635,2,1
-10.25,1,22352.370215,1,0
19.163742,18,22353.140984,2,1
-10.586369,23,22354.086372,1,0
17.78398,35,22355.48426,2,1
17.547755,7,22355.861538,2,1
-0.926524,201,22363.532451,0,0
-11.611419,4,22363.798859,1,0
19.793003,47,22365.720481,2,1
15.230051,19,22366.538704,2,1
-10.126215,4,22366.792974,1,0
17.778392,8,22367.195471,2,1
17.707827,11,22367.695479,2,1
-10.25,1,22367.824466,1,0
-14.210906,32,22369.124305,1,0
13.530875,25,22370.133619,2,1
18.533686,25,22371.145787,2,1
17.784467,13,22371.744628,2,1
15.668925,17,22372.445551,2,1
13.760997,22,22373.34472,2,1
13.531123,41,22374.935024,2,1
18.675078,27,22376.068003,2,1
1.247511,37,22377.589842,2,1
18.589699,21,22378.479435,2,1
-13.814362,28,22379.628464,1,0
4.421346,54,22381.765793,2,1
17.769552,14,22382.361141,2,1
-10.25,1,22382.516943,1,0
15.15002,15,22383.166857,2,1
18.499716,19,22383.996999,2,1
18.805507,14,22384.644347,2,1
-10.25,1,22384.767301,1,0
-9.894988,7,22385.13605,1,0
18.663843,15,22385.835919,2,1
-10.297713,4,22386.132599,1,0
-8.487175,18,22386.938048,1,0
18.617709,14,22387.544326,2,1
17.493745,14,22388.169672,2,1
-10.155178,2,22388.341111,1,0
16.664157,12,22388.897244,2,1
16.450251,17,23666.631496,2,1
-9.927826,12,23667.189872,1,0
17.082235,20,23668.04218,2,1
18.566784,21,23668.919641,2,1
17.096058,29,23670.11144,2,1
17.597229,15,23670.755207,2,1
15.623553,16,23671.459673,2,1
17.935348,8,23671.865301,2,1
20.47468,29,23673.077022,2,1
17.684584,15,23673.723351,2,1
18.061993,26,23674.780525,2,1
19.89836,32,23676.17106,2,1
17.327953,19,23677.012993,2,1
8.479549,38,23678.710598,2,1
18.091754,11,23679.280678,2,1
18.998335,41,23680.885239,2,1
18.887053,13,23681.466149,2,1
16.258432,22,23682.448305,2,1
17.604133,40,23684.078166,2,1
17.230516,12,23684.618538,2,1
19.786752,36,23686.513504,2,1
-10.079286,2,23686.689188,1,0
19.250233,51,23688.676721,2,1
17.310739,22,23689.591138,2,1
-10.098887,7,23689.955067,1,0
-10.25,1,23690.119451,1,0
-13.692846,17,23690.832817,1,0
-0.081032,16,23691.545369,2,1
-10.200929,31,23692.837685,1,0
4.927445,39,23694.356347,2,1
-14.815935,25,23695.395203,1,0
-10.072159,11,23695.940508,1,0
11.817574,31,23697.199758,2,1
-10.25,1,23697.335397,1,0
18.978563,15,23698.011437,2,1
19.446216,16,23698.723582,2,1
-11.897916,8,23699.126684,1,0
17.897001,19,23699.931233,2,1
15.684241,14,23700.558324,2,1
14.168197,6,23700.885725,2,1
19.668888,20,23701.782532,2,1
-0.087892,10,23702.261742,2,1
8.818448,20,23703.112559,2,1
-9.936111,26,23704.224462,2,1
-10.519918,25,23705.233847,1,0
16.455237,22,23706.17367,2,1
3.6533,36,23707.638229,2,1
18.428059,32,23708.949347,2,1
18.078872,27,23710.060822,2,1
-13.681179,14,23710.700567,1,0
15.910376,25,23711.797331,2,1
19.763408,28,23712.93962,2,1
-9.13805,18,23713.778259,1,0
17.862137,3,23714.021666,2,1
17.202786,6,23714.339857,2,1
18.880788,24,23715.418242,2,1
17.316431,14,23716.078915,2,1
-11.224605,8,23716.46942,1,0
19.300736,25,23717.557225,2,1
18.299816,21,23718.481954,2,1
16.373433,23,23719.447339,2,1
17.90035,23,23720.45405,2,1
16.970071,10,23720.977273,2,1
17.833442,16,23721.766946,2,1
17.824421,14,23722.403889,2,1
17.613625,7,23722.811489,2,1
-10.175599,3,23723.050944,1,0
18.584976,22,23724.065537,2,1
16.597121,15,23724.77207,2,1
17.670549,6,23725.124482,2,1
11.391796,32,23726.770435,2,1
4.885975,29,23728.186606,2,1
-10.070072,3,23728.5245,1,0
16.412854,18,23729.434793,2,1
-10.395895,8,23729.857558,1,0
17.374147,29,23731.224131,2,1
17.875697,11,23731.794987,2,1
17.908726,22,23732.735952,2,1
16.792658,20,23733.674994,2,1
15.117886,18,23734.42902,2,1
12.116371,31,23735.781437,2,1
18.889327,20,23736.631269,2,1
19.311577,21,23737.519978,2,1
11.674016,49,23739.448002,2,1
18.173239,26,23740.561761,2,1
19.248393,15,23741.25743,2,1
17.939164,10,23741.785881,2,1
-10.41376,15,23742.501643,1,0
19.675173,30,23743.795295,2,1
17.838856,10,23744.262206,2,1
18.158086,14,23744.933227,2,1
12.986876,23,23746.041531,2,1
17.933306,16,23746.789704,2,1
-24.483885,9,23747.303596,1,0
17.437817,4,23747.565806,2,1
17.313174,40,23749.175873,2,1
5.784122,32,23750.54409,2,1
-1.483437,41,23752.247124,2,1
17.773398,4,23752.490889,2,1
17.476802,38,23754.116417,2,1
18.08983,36,25063.985749,2,1
15.777847,20,25064.81689,2,1
17.756806,13,25065.392323,2,1
-10.274074,3,25065.628451,1,0
14.441857,24,25066.586515,2,1
19.087803,18,25067.346812,2,1
14.17754,22,25068.266484,2,1
18.30305,37,25069.721232,2,1
16.473207,18,25070.470257,2,1
-10.59448,3,25070.680077,1,0
19.66895,22,25071.573594,2,1
16.248114,23,25072.51764,2,1
15.394622,34,25073.849983,2,1
2.635274,22,25074.773637,2,1
17.929787,6,25075.094629,2,1
13.976338,24,25076.062182,2,1
17.90163,15,25076.712422,2,1
16.992397,9,25077.139128,2,1
16.184975,36,25078.59373,2,1
17.551991,5,25078.883682,2,1
18.934965,16,25079.583647,2,1
18.992583,22,25080.503863,2,1
17.735226,17,25081.227749,2,1
15.029983,25,25082.233033,2,1
17.231085,21,25083.108901,2,1
18.963532,14,25083.714701,2,1
18.742724,10,25084.186434,2,1
12.236297,10,25084.669032,2,1
16.068427,5,25084.95715,2,1
19.586558,31,25086.21795,2,1
14.319899,33,25087.4869,2,1
17.650034,18,25088.250596,2,1
19.079331,33,25089.552094,2,1
7.923481,51,25091.55205,2,1
17.264151,17,25092.260719,2,1
18.050154,7,25092.615761,2,1
16.879506,17,25093.338625,2,1
18.252271,33,25094.632898,2,1
17.16768,11,25095.116498,2,1
18.690737,21,25095.999435,2,1
19.308906,19,25096.763021,2,1
-10.507144,8,25097.176014,1,0
-26.217482,24,25098.146898,2,1
5.427107,32,25099.432655,2,1
17.788522,3,25099.630067,2,1
18.592129,19,25100.404468,2,1
7.569997,26,25101.464733,2,1
16.372803,9,25101.892081,2,1
19.135558,20,25102.766146,2,1
19.412174,15,25103.411086,2,1
18.734804,26,25104.433649,2,1
16.785153,12,25104.967953,2,1
19.832551,22,25105.89669,2,1
18.90718,18,25106.657689,2,1
17.658877,4,25106.886906,2,1
4.44327,30,25108.085765,2,1
-10.504059,6,25108.407208,1,0
-14.328659,11,25108.936699,1,0
19.235379,28,25110.103245,2,1
16.840612,14,25110.716635,2,1
11.955395,24,25111.699636,2,1
18.887218,24,25112.70083,2,1
-10.759924,18,25113.486153,1,0
19.044852,26,25114.529403,2,1
19.966142,23,25115.457082,2,1
18.885374,12,25115.970096,2,1
18.303682,18,25116.720539,2,1
17.865021,4,25116.970485,2,1
18.126073,14,25117.554171,2,1
17.233163,6,25117.874912,2,1
17.783446,15,25118.507986,2,1
20.481946,34,25119.855458,2,1
-11.05135,7,25120.20034,1,0
20.144193,30,25121.368876,2,1
19.508798,32,25122.656307,2,1
17.584906,18,25123.424772,2,1
15.864016,8,25123.809329,2,1
9.539062,42,25125.587596,2,1
17.321903,16,25126.261471,2,1
14.289384,25,25127.274591,2,1
19.149899,18,25128.00241,2,1
16.671103,24,25128.979464,2,1
-10.24,2,25129.14414,1,0
17.277661,10,25129.622036,2,1
-10.709703,3,25129.839457,1,0
17.940219,4,25130.07726,2,1
19.281512,14,25130.692504,2,1
19.473286,15,25131.34722,2,1
21.280695,28,25132.475762,2,1
17.361206,15,25133.107334,2,1
17.93188,24,25134.087749,2,1
17.831031,4,25134.326083,2,1
16.500046,12,25134.882062,2,1
18.983368,33,25136.221426,2,1
20.410969,32,25137.486475,2,1
5.332775,44,25139.179559,2,1
16.959523,38,25140.671156,2,1
16.699078,7,25141.027406,2,1
17.608594,11,25141.508247,2,1
16.650566,11,25142.007149,2,1
-14.304924,26,26680.14167,1,0
14.215603,18,26681.027457,2,1
-10.613789,4,26681.310869,1,0
-24.863075,10,26681.857131,1,0
18.442017,8,26682.314868,2,1
17.968171,5,26682.637352,2,1
-11.646807,3,26682.905265,1,0
-11.884977,14,26683.597068,1,0
-21.39747,10,26684.17166,1,0
17.90928,5,26684.500718,2,1
17.418195,9,26685.007842,2,1
14.34368,18,26685.851951,2,1
-15.888865,25,26687.006177,1,0
18.290089,9,26687.487472,2,1
19.047147,14,26688.196667,2,1
-17.446905,16,26688.987741,1,0
-11.897054,10,26689.548573,1,0
13.846411,19,26690.539535,2,1
15.843135,15,26691.334876,2,1
-10.544162,14,26692.038155,1,0
18.492189,20,26693.069243,2,1
-10.25,1,26693.260767,1,0
17.5527,8,26693.745146,2,1
17.647189,2,26693.942527,2,1
18.34356,11,26694.535259,2,1
14.686576,30,26695.934922,2,1
-10.339216,3,26696.213187,1,0
-10.25,1,26696.378917,1,0
16.53435,7,26696.797817,2,1
-10.90529,16,26697.535206,1,0
15.321195,7,26697.946865,2,1
17.457567,14,26698.636225,2,1
14.400324,14,26699.302456,2,1
-10.794128,19,26700.205025,1,0
-11.010945,10,26700.77699,1,0
-9.740009,8,26701.236966,1,0
-13.906379,12,26701.856147,1,0
-10.500492,8,26702.335223,1,0
17.609478,9,26702.827759,2,1
19.032955,19,26703.677975,2,1
17.15471,8,26704.137368,2,1
11.481366,26,26705.323828,2,1
19.275501,19,26706.217051,2,1
-8.567898,22,26707.237224,1,0
17.167024,21,26708.218876,2,1
-15.741859,11,26708.77879,1,0
-10.388497,2,26708.986817,1,0
17.554844,11,26709.574523,2,1
16.816936,32,26710.966684,2,1
-10.374645,2,26711.182404,1,0
17.871986,4,26711.457141,2,1
16.977146,13,26712.115007,2,1
-9.630467,16,26712.902593,1,0
16.067955,10,26713.455262,2,1
15.60141,20,26714.417713,2,1
-14.062552,23,26715.451015,1,0
-10.25,1,26715.628463,1,0
-10.16012,12,26716.237433,1,0
-10.809471,22,26717.252789,1,0
-10.25,1,26717.428543,1,0
18.796303,19,26718.301244,2,1
4.766014,38,26719.966487,2,1
14.535841,15,26720.689141,2,1
-2.099415,201,26729.098393,0,0
-10.640602,12,26729.688517,1,0
16.080697,14,26730.373893,2,1
-11.032928,6,26730.756554,1,0
17.511375,9,26731.246894,2,1
-8.954635,19,26732.16415,1,0
-11.875492,17,26733.006246,1,0
-10.953032,16,26733.796347,1,0
-10.954442,14,26734.485681,1,0
-10.25,1,26734.645802,1,0
17.366292,23,26735.691737,2,1
18.435024,10,26736.221796,2,1
13.63738,32,26737.657284,2,1
19.169784,19,26738.56215,2,1
19.057712,12,26739.174223,2,1
14.578337,18,26740.033755,2,1
-8.967023,22,26741.075946,1,0
-10.25,1,26741.277956,1,0
-9.447769,19,26742.186237,1,0
18.269801,13,26742.85858,2,1
-8.968132,13,26743.497538,1,0
-10.25,1,26743.675148,1,0
-10.302168,8,26744.154463,1,0
-10.25,1,26744.32642,1,0
11.513769,13,26744.985359,2,1
15.830553,21,26745.950472,2,1
12.375214,22,26747.008729,2,1
17.483286,4,26747.282471,2,1
15.022331,17,26748.105987,2,1
-16.518417,18,26748.977976,1,0
-10.25,1,26749.131575,1,0
12.263696,26,26750.373605,2,1
15.843966,17,26751.229068,2,1
-13.589466,33,26752.806173,1,0
16.929657,8,26753.26182,2,1
-10.206898,15,26753.986443,1,0
-10.255557,24,26755.112859,1,0
19.253113,13,28297.970428,2,1
-9.34189,14,28298.617411,1,0
-10.045754,2,28298.835261,1,0
18.882965,15,28299.528802,2,1
16.89722,19,28300.37975,2,1
16.153098,25,28301.476446,2,1
17.152842,31,28302.787705,2,1
17.881837,9,28303.278593,2,1
11.871442,19,28304.163004,2,1
17.74284,7,28304.552701,2,1
18.779813,26,28305.684737,2,1
-10.25,1,28305.865836,1,0
-12.621417,16,28306.581926,1,0
14.534717,21,28307.536375,2,1
13.445724,26,28308.678562,2,1
17.981456,26,28309.813246,2,1
19.144454,17,28310.578613,2,1
-14.633458,18,28311.433556,1,0
11.279155,23,28312.471184,2,1
17.00538,13,28313.092441,2,1
-9.955458,6,28313.471504,1,0
4.120268,9,28313.954749,2,1
-17.946387,3,28314.224645,1,0
11.600658,26,28315.342223,2,1
-12.883891,13,28315.991053,1,0
-10.60278,7,28316.383457,1,0
19.239257,17,28317.158859,2,1
17.587999,5,28317.473849,2,1
-12.339858,11,28318.034598,1,0
18.21641,12,28318.62533,2,1
-10.015764,3,28318.880954,1,0
20.394016,25,28319.978363,2,1
17.710818,32,28321.359555,2,1
-9.867841,16,28322.11315,1,0
-12.20432,19,28322.994977,1,0
0.921999,201,28331.012227,0,0
15.883924,11,28331.541764,2,1
17.973718,5,28331.862559,2,1
-10.140758,2,28332.062534,1,0
-10.411646,2,28332.273443,1,0
16.225832,16,28333.008667,2,1
5.084362,20,28334.015134,2,1
18.240612,7,28334.402063,2,1
17.987474,7,28334.812977,2,1
-10.25,1,28334.982296,1,0
19.362597,28,28336.182544,2,1
16.387533,15,28336.886538,2,1
-13.818335,18,28337.708083,1,0
-10.514354,4,28337.971287,1,0
15.15537,19,28338.826547,2,1
-10.169497,6,28339.190188,1,0
-17.219611,12,28339.76178,1,0
16.605346,9,28340.246137,2,1
17.040976,7,28340.635846,2,1
-10.970417,16,28341.405098,1,0
17.083221,16,28342.185333,2,1
18.54233,15,28342.890352,2,1
-12.248947,5,28343.205202,1,0
-9.510763,12,28343.839592,1,0
19.031879,16,28344.56276,2,1
-9.746091,5,28344.845048,1,0
-9.690037,11,28345.415874,1,0
-10.497925,6,28345.769493,1,0
11.332242,25,28346.878381,2,1
-8.855058,12,28347.469074,1,0
-10.165385,3,28347.705437,1,0
20.400716,25,28348.814755,2,1
20.307984,24,28349.865421,2,1
13.279394,26,28350.998365,2,1
-10.237593,30,28352.296132,1,0
-11.797671,9,28352.776716,1,0
15.898765,17,28353.542835,2,1
14.627676,8,28353.981663,2,1
-20.443342,21,28354.931834,1,0
17.519784,19,28355.785528,2,1
18.309364,18,28356.602807,2,1
18.617615,26,28357.718782,2,1
-9.900231,11,28358.274377,1,0
18.353295,25,28359.384806,2,1
20.446739,22,28360.365831,2,1
-11.460995,13,28361.005253,1,0
-10.25,1,28361.177277,1,0
17.147929,19,28362.024095,2,1
-10.968404,20,28362.909101,1,0
18.546578,21,28363.82438,2,1
-12.781181,5,28364.150301,1,0
-9.799215,9,28364.640648,1,0
-40.135824,80,28367.909168,1,0
17.603269,5,28368.257125,2,1
-10.40328,7,28368.661018,1,0
-10.25,1,28368.823196,1,0
17.704924,20,28369.747428,2,1
-10.25,1,28369.940776,1,0
18.280058,8,28370.369117,2,1
19.557762,21,28371.317011,2,1
16.739393,10,28371.820215,2,1
-14.533496,48,28373.80955,1,0
17.645865,10,28374.354108,2,1
-11.374757,3,28374.620039,1,0
18.869964,12,28375.196647,2,1
18.690045,12,29948.349705,2,1
16.821034,6,29948.68497,2,1
-10.517046,20,29949.620364,1,0
18.60308,20,29950.552013,2,1
-10.25,1,29950.724087,1,0
-13.575057,7,29951.135432,1,0
17.608477,25,29952.280317,2,1
-10.089197,13,29952.909918,1,0
-10.466544,2,29953.115724,1,0
-9.832672,13,29953.753395,1,0
11.262814,7,29954.146111,2,1
19.275459,14,29954.82268,2,1
-9.925344,9,29955.316123,1,0
-10.683137,4,29955.60033,1,0
18.290415,17,29956.391002,2,1
-10.140084,7,29956.777873,1,0
-9.7704,8,29957.237842,1,0
18.030104,5,29957.572658,2,1
-10.537185,6,29958.080267,1,0
-10.614158,13,29958.716013,1,0
-10.552751,3,29958.974808,1,0
11.99007,23,29960.035775,2,1
-13.431756,7,29960.438943,1,0
17.114539,24,29961.508296,2,1
-10.978259,4,29961.795645,1,0
17.978161,6,29962.15254,2,1
-10.25,1,29962.329957,1,0
18.586489,19,29963.199408,2,1
17.124321,13,29963.832007,2,1
18.970327,19,29964.714078,2,1
-14.910316,27,29965.909549,1,0
-11.419282,26,29967.076301,1,0
15.190569,14,29967.83296,2,1
-9.581021,8,29968.280359,1,0
18.024059,6,29968.643041,2,1
-12.617176,10,29969.179867,1,0
-8.727064,18,29970.035738,1,0
-10.174656,2,29970.23905,1,0
17.983081,4,29970.524529,2,1
-10.25,1,29970.695128,1,0
-9.990827,5,29971.03611,1,0
17.716507,16,29971.7604,2,1
-9.447189,14,29972.447736,1,0
11.084401,22,29973.473471,2,1
17.482756,7,29973.870634,2,1
-10.73014,8,29974.316017,1,0
17.821655,5,29974.645981,2,1
-13.351696,3,29974.904343,1,0
18.555172,12,29975.514541,2,1
8.203917,18,29976.365515,1,0
18.10427,11,29976.92692,2,1
18.095498,21,29977.946208,2,1
17.533361,9,29978.429286,2,1
-10.25,1,29978.609197,1,0
-34.497566,159,29985.132609,1,0
-12.261118,22,29986.147664,1,0
16.405688,20,29987.061768,2,1
-18.263948,16,29987.838432,1,0
16.093937,6,29988.19593,2,1
-10.521756,4,29988.492341,1,0
-9.895597,6,29988.874766,1,0
15.548378,13,29989.501629,2,1
-10.25,1,29989.665904,1,0
16.496174,11,29990.214997,2,1
-10.25,1,29990.378497,1,0
-8.839105,20,29991.291312,1,0
-11.077519,13,29991.918203,1,0
16.169438,13,29992.553759,2,1
17.559078,4,29992.845575,2,1
15.284091,11,29993.401031,2,1
15.925202,13,29994.048832,2,1
-10.25,1,29994.224915,1,0
16.026508,16,29994.99612,2,1
-10.832838,5,29995.311347,1,0
-10.393865,2,29995.53852,1,0
-10.660558,13,29996.171635,1,0
19.249468,20,29997.122816,2,1
-10.457534,19,29998.040121,1,0
-10.25,1,29998.204526,1,0
-10.858463,3,29998.439619,1,0
15.904122,7,29998.83503,2,1
18.546924,14,29999.525325,2,1
17.454058,5,29999.866678,2,1
-9.631205,8,30000.315136,1,0
-21.008017,7,30000.729789,1,0
17.680154,5,30001.034935,2,1
16.738047,7,30001.438234,2,1
-10.095176,5,30001.785521,1,0
-11.493639,16,30002.552103,1,0
-10.676359,8,30003.005493,1,0
-10.474196,3,30003.253196,1,0
16.069845,15,30004.000177,2,1
18.307433,16,30004.788173,2,1
-15.584595,7,30005.195882,1,0
17.627318,5,30005.511478,2,1
-12.537651,16,30006.284848,1,0
-10.11866,18,30007.127452,1,0
6.179565,31,30008.557577,2,1
18.153895,7,30008.965883,2,1
-10.990491,12,30009.573063,1,0
13.982268,7,31371.422307,2,1
18.318538,12,31371.953559,2,1
18.392626,15,31372.591194,2,1
18.273408,17,31373.288957,2,1
15.249051,24,31374.259879,2,1
19.603511,21,31375.138312,2,1
-10.353592,3,31375.353626,1,0
17.260467,12,31375.896497,2,1
-10.328118,4,31376.27354,1,0
20.510753,23,31377.217945,2,1
6.285259,16,31377.887286,1,0
-13.879215,10,31378.370314,1,0
14.32606,19,31379.18171,2,1
17.417719,11,31379.661752,2,1
-10.25,1,31379.812461,1,0
-15.530184,19,31380.646373,1,0
-9.896259,14,31381.298224,1,0
-10.507958,3,31381.510551,1,0
18.183891,18,31382.236808,2,1
-10.676031,6,31382.550949,1,0
-13.478737,30,31383.75898,1,0
14.355417,9,31384.199259,2,1
18.356371,7,31384.559337,2,1
19.082564,18,31385.306455,2,1
-10.756148,5,31385.580962,1,0
-10.25,1,31385.735239,1,0
20.732676,30,31386.948886,2,1
-10.274611,2,31387.123649,1,0
18.788179,14,31387.738892,2,1
18.691797,22,31388.667605,2,1
15.201198,5,31388.957942,2,1
17.597044,11,31389.455863,2,1
16.927926,17,31390.175186,2,1
-10.50663,4,31390.422997,1,0
16.864776,4,31390.657146,2,1
16.127234,9,31391.091915,2,1
-7.308688,36,31392.496178,1,0
17.200529,12,31393.059766,2,1
17.662319,12,31393.608683,2,1
-10.068403,6,31393.944401,1,0
8.715591,13,31394.505065,2,1
15.766536,16,31395.200261,2,1
-25.237176,18,31395.953822,1,0
-4.096902,8,31396.358488,2,1
-9.983448,4,31396.611112,1,0
15.172529,10,31397.079368,2,1
16.985587,11,31397.58812,2,1
18.427093,29,31398.775039,2,1
20.019968,28,31399.914684,2,1
16.110713,18,31400.687981,2,1
17.946298,4,31400.945955,2,1
-10.82997,4,31401.19702,1,0
-12.200215,7,31401.570671,1,0
18.177742,13,31402.146711,2,1
18.173729,6,31402.467527,2,1
-9.639256,13,31403.040922,1,0
-10.461033,2,31403.227896,1,0
15.397534,29,31404.419907,2,1
-10.368507,2,31404.589982,1,0
17.938989,13,31405.166539,2,1
-9.790754,39,31406.733171,1,0
16.788,18,31407.4915,2,1
18.0968,5,31407.766141,2,1
15.921661,16,31408.470068,2,1
-10.25,1,31408.599613,1,0
-11.397349,10,31409.102296,1,0
19.058835,13,31409.663213,2,1
-9.742994,16,31410.354772,1,0
-10.045691,17,31411.072567,1,0
18.676661,23,31412.021668,2,1
18.765916,11,31412.521056,2,1
18.646587,9,31412.947962,2,1
-10.496745,6,31413.286902,1,0
17.668999,17,31414.00912,2,1
10.350481,17,31414.718733,2,1
20.037521,29,31415.845454,2,1
-10.25,1,31416.013927,1,0
17.304648,16,31416.708257,2,1
-10.124007,5,31416.994943,1,0
-11.435136,28,31418.146648,1,0
-15.516816,4,31418.403502,1,0
-10.25,1,31418.552676,1,0
-10.331752,3,31418.798868,1,0
18.65728,20,31419.6551,2,1
-9.991036,4,31419.896299,1,0
17.907887,40,31421.485236,2,1
19.514372,29,31422.65208,2,1
-24.126787,12,31423.19083,1,0
14.238507,17,31423.910892,2,1
-13.057518,14,31424.535136,1,0
-14.869319,40,31426.106113,1,0
17.734287,3,31426.409054,2,1
19.483669,20,31427.222504,2,1
18.47799,9,31427.650977,2,1
16.55637,21,31428.514524,2,1
18.655571,22,31429.437294,2,1
15.8322,11,31429.953597,2,1
14.238838,21,31430.854871,2,1
-12.492956,13,31431.423111,1,0
-10.524845,4,31431.688576,1,0
17.673648,2,32848.130619,2,1
16.668415,14,32848.748471,2,1
11.985923,22,32849.667226,2,1
-10.213429,2,32849.861721,1,0
-10.303103,4,32850.128495,1,0
-10.376366,21,32851.011925,1,0
-10.417681,2,32851.202071,1,0
18.439853,8,32851.596802,2,1
15.786389,13,32852.191074,2,1
17.262833,36,32853.620354,2,1
-10.489748,4,32853.869354,1,0
18.436962,8,32854.248267,2,1
-10.717231,5,32854.53378,1,0
-10.416192,2,32854.724272,1,0
18.582534,24,32855.72281,2,1
-10.25,1,32855.862682,1,0
11.437414,10,32856.36631,2,1
-10.25,1,32856.514901,1,0
21.065813,27,32857.699327,2,1
-12.222745,16,32858.408429,1,0
17.076654,17,32859.176132,2,1
-10.459998,2,32859.359619,1,0
-10.333658,5,32859.657632,1,0
15.429479,21,32860.570166,2,1
18.775565,24,32861.625324,2,1
11.641828,26,32862.77667,2,1
-14.540445,11,32863.295466,1,0
16.381195,12,32863.888025,2,1
19.310352,16,32864.624866,2,1
18.425193,22,32865.638011,2,1
20.160306,35,32867.131972,2,1
19.733727,21,32868.052537,2,1
17.729181,3,32868.274446,2,1
17.6241,5,32868.557514,2,1
17.900011,33,32869.982372,2,1
14.786741,13,32870.591031,2,1
-10.41324,9,32871.025125,1,0
-10.273631,3,32871.252603,1,0
16.1002,12,32871.814404,2,1
18.050275,19,32872.652373,2,1
-8.746278,18,32873.453463,1,0
-13.277983,12,32874.030146,1,0
18.01447,12,32874.572192,2,1
-9.966783,3,32874.803587,1,0
-10.10183,10,32875.312768,1,0
17.754204,23,32876.346892,2,1
-12.161497,11,32876.896427,1,0
-10.49854,4,32877.171218,1,0
15.024549,28,32878.36801,2,1
12.412056,16,32879.115824,2,1
-9.955746,15,32879.838157,1,0
16.221569,22,32880.783951,2,1
-9.808771,30,32882.053594,1,0
20.301119,34,32883.458688,2,1
-10.126445,2,32883.646961,1,0
-12.715495,21,32884.565045,1,0
16.875219,27,32885.726568,2,1
18.672391,26,32886.883388,2,1
-8.495578,23,32887.8774,1,0
-10.471998,9,32888.354004,1,0
-10.203478,2,32888.535919,1,0
18.303468,15,32889.247045,2,1
-10.486205,5,32889.518645,1,0
15.756405,23,32890.520537,2,1
-13.005596,18,32891.453237,1,0
18.20939,25,32892.490741,2,1
-10.247705,3,32892.708047,1,0
16.695451,10,32893.191396,2,1
21.277414,41,32894.865198,2,1
-26.613549,7,32895.248651,1,0
17.244681,23,32896.300848,2,1
18.119843,24,32897.294838,2,1
9.021248,20,32898.345628,2,1
-10.169293,10,32898.987941,1,0
17.577999,19,32899.822745,2,1
4.887745,4,32900.102999,2,1
17.637157,6,32900.454879,2,1
18.71619,12,32901.075548,2,1
18.103697,7,32901.491207,2,1
-10.404356,4,32901.782354,1,0
16.1095,22,32902.722725,2,1
17.57522,9,32903.209675,2,1
-15.633734,11,32903.772069,1,0
17.718254,3,32903.99299,2,1
-11.518256,7,32904.398166,1,0
17.849734,13,32905.014747,2,1
17.933006,21,32905.997551,2,1
17.8342,13,32906.592104,2,1
-2.831805,37,32908.130484,2,1
16.20652,5,32908.419597,2,1
-10.390568,3,32908.622712,1,0
18.800516,11,32909.155119,2,1
-10.346584,8,32909.581625,1,0
-10.25,1,32909.724737,1,0
18.44213,12,32910.276508,2,1
16.365794,33,32911.766215,2,1
18.01067,18,32912.593842,2,1
18.004642,18,32913.413015,2,1
-10.25,1,32913.556075,1,0
-11.361127,6,32913.935714,1,0
-10.996004,13,34362.984052,1,0
17.865922,25,34364.086465,2,1
16.098094,21,34364.96909,2,1
18.229312,21,34365.865513,2,1
18.534742,15,34366.533905,2,1
17.954672,9,34366.963678,2,1
14.637904,14,34367.570054,2,1
-18.705324,19,34368.367898,1,0
2.07607,41,34370.115894,2,1
17.798061,13,34370.689162,2,1
18.143849,5,34370.985649,2,1
18.222863,12,34371.531442,2,1
15.936105,8,34371.943172,2,1
18.504924,13,34372.569646,2,1
15.787,10,34373.044191,2,1
15.782624,7,34373.401806,2,1
13.674378,12,34373.979244,2,1
17.708485,3,34374.20412,2,1
-11.532354,5,34374.488542,1,0
-9.292647,16,34375.18074,1,0
18.178239,12,34375.739136,2,1
15.982837,18,34376.571529,2,1
18.475436,17,34377.337003,2,1
-10.363572,5,34377.633147,1,0
18.158378,7,34377.979265,2,1
18.223045,29,34379.153709,2,1
17.869355,4,34379.398527,2,1
18.266262,7,34379.746504,2,1
-10.629384,6,34380.091599,1,0
18.809946,45,34381.932198,2,1
19.737169,21,34382.793261,2,1
-9.861576,10,34383.261578,1,0
17.231614,15,34383.92646,2,1
17.966101,12,34384.477079,2,1
17.495212,10,34384.969197,2,1
-10.167194,2,34385.131806,1,0
7.852921,39,34386.752701,2,1
-10.99976,6,34387.080815,1,0
-10.243376,2,34387.260405,1,0
-10.208865,3,34387.499336,1,0
17.843829,5,34387.798695,2,1
-9.046233,21,34388.692895,1,0
21.686699,51,34391.06544,2,1
18.059322,7,34391.408607,2,1
15.055987,18,34392.202155,2,1
-10.059724,10,34392.689196,1,0
17.723996,3,34392.918085,2,1
-10.25,1,34393.079187,1,0
18.458707,19,34393.889272,2,1
20.08561,20,34394.773918,2,1
16.953808,19,34395.669654,2,1
18.764551,17,34396.501908,2,1
17.81069,10,34396.966408,2,1
17.874747,13,34397.532425,2,1
-9.897759,11,34398.057357,1,0
-10.25,1,34398.188489,1,0
12.341083,43,34399.915049,2,1
18.215925,24,34400.913865,2,1
15.494868,6,34401.237261,2,1
19.432653,24,34402.266237,2,1
17.734327,13,34402.826845,2,1
17.770799,3,34403.040909,2,1
16.856317,19,34403.883319,2,1
-10.25,1,34404.031384,1,0
18.516596,17,34404.766424,2,1
17.70612,6,34405.124099,2,1
-10.250614,4,34405.38241,1,0
19.131635,23,34406.389014,2,1
17.045845,23,34407.32391,2,1
18.225496,32,34408.651238,2,1
19.134771,16,34409.359062,2,1
6.855925,8,34409.744294,2,1
18.66872,10,34410.206404,2,1
18.508758,9,34410.625272,2,1
14.381768,15,34411.290671,2,1
-10.126511,2,34411.476142,1,0
18.57358,11,34411.993391,2,1
18.295525,28,34413.122367,2,1
-10.25,1,34413.269593,1,0
-10.71701,15,34413.946452,1,0
-11.234787,5,34414.245996,1,0
-36.758295,13,34414.829978,1,0
0.543303,11,34415.347888,2,1
19.454996,20,34416.239893,2,1
-12.887444,12,34416.816436,1,0
20.053989,20,34417.690833,2,1
17.926219,18,34418.452298,2,1
18.002778,8,34418.841741,2,1
15.743071,17,34419.564569,2,1
-16.343894,13,34420.172466,1,0
-12.228649,5,34420.472091,1,0
-10.121592,3,34420.708819,1,0
-15.445909,33,34422.103114,1,0
-9.866563,8,34422.505896,1,0
18.432141,27,34423.623949,2,1
18.228246,14,34424.238963,2,1
-10.152404,5,34424.549352,1,0
17.698082,7,34424.928813,2,1
18.053928,6,34425.261326,2,1
17.042958,9,34425.722465,2,1
18.615589,13,35815.236308,2,1
-11.594194,10,35815.709462,1,0
13.768229,47,35817.482314,2,1
-9.10868,16,35818.170069,1,0
18.314913,12,35818.698163,2,1
-11.018012,7,35819.068988,1,0
16.932709,16,35819.750808,2,1
5.383342,29,35820.875894,2,1
19.055251,17,35821.579247,2,1
2.882374,43,35823.277311,2,1
17.76105,3,35823.478633,2,1
17.08001,29,35824.622242,2,1
8.88813,28,35825.72727,2,1
14.944441,26,35826.791325,2,1
18.649948,12,35827.329867,2,1
18.655305,11,35827.811525,2,1
-16.084023,24,35828.783084,1,0
15.091776,25,35829.801315,2,1
17.545831,17,35830.497453,2,1
17.549704,10,35830.957368,2,1
18.239308,10,35831.425073,2,1
15.919054,13,35831.976138,2,1
20.323358,24,35832.948276,2,1
-16.835583,18,35833.701261,1,0
20.044426,20,35834.517234,2,1
-9.986505,5,35834.801906,1,0
18.124265,6,35835.098966,2,1
-8.69514,18,35835.824355,1,0
19.602124,21,35836.699988,2,1
17.912042,35,35838.073127,2,1
-10.299796,11,35840.240487,1,0
19.459858,31,35841.484724,2,1
18.199691,16,35842.192155,2,1
-10.514946,3,35842.388603,1,0
17.5687,12,35842.93393,2,1
-10.648159,5,35843.204415,1,0
16.798335,12,35843.740375,2,1
17.809063,7,35844.099805,2,1
14.388793,28,35845.221303,2,1
13.206509,41,35846.79411,2,1
15.824121,25,35847.84149,2,1
-8.620193,28,35848.958865,1,0
-10.315109,5,35849.231295,1,0
-9.605862,11,35849.739547,1,0
-10.194706,2,35849.923178,1,0
17.738852,11,35850.415931,2,1
-9.978221,8,35850.808928,1,0
16.475417,31,35852.031312,2,1
-10.100242,2,35852.196207,1,0
17.243479,27,35853.266113,2,1
10.980499,44,35854.984582,2,1
-11.139171,17,35855.701776,1,0
16.142629,23,35856.631688,2,1
-10.217603,7,35857.006181,1,0
-9.857611,6,35857.322573,1,0
-10.134095,3,35857.53459,1,0
-10.377921,3,35857.74909,1,0
-9.857127,7,35858.1113,1,0
14.606726,13,35858.675154,2,1
14.465141,17,35859.400947,2,1
17.894444,7,35859.747185,2,1
-8.272796,16,35860.440308,1,0
7.451,28,35861.5749,2,1
-10.120959,11,35862.050608,1,0
-10.331282,4,35862.318007,1,0
16.352184,21,35863.164339,2,1
-23.800805,15,35863.7939,1,0
13.766182,25,35864.772432,2,1
18.236078,18,35865.530465,2,1
-16.55353,12,35866.082733,1,0
18.365815,8,35866.472332,2,1
18.79151,15,35867.099747,2,1
-11.185477,22,35868.018666,1,0
17.889457,7,35868.374887,2,1
-14.448358,5,35868.655011,1,0
17.901195,5,35868.929729,2,1
17.489287,58,35871.145404,2,1
-29.394803,12,35871.666575,1,0
-24.50103,4,35871.913552,1,0
18.374482,7,35872.26734,2,1
18.388395,7,35872.62181,2,1
18.965369,12,35873.160585,2,1
17.456692,9,35873.594866,2,1
19.303645,21,35874.46863,2,1
19.906165,18,35875.227435,2,1
-24.499211,22,35876.120483,1,0
17.47909,9,35876.539397,2,1
13.950993,23,35877.506682,2,1
-10.25,1,35877.64462,1,0
18.055429,20,35878.451948,2,1
17.715573,3,35878.651682,2,1
17.899764,5,35878.91328,2,1
-10.938928,77,35881.80165,1,0
-10.310638,3,35882.027605,1,0
-10.154968,2,35882.193398,1,0
17.941671,4,35882.43646,2,1
18.125609,8,35882.819308,2,1
16.414875,14,35883.418388,2,1
17.400953,16,35884.114065,2,1
16.548149,21,35884.980083,2,1
20.01361,33,37155.624998,2,1
19.547295,47,37157.447474,2,1
17.762208,7,37157.804007,2,1
20.84202,45,37159.543052,2,1
9.914558,19,37160.327132,2,1
17.649105,5,37160.595532,2,1
18.01143,49,37162.599339,2,1
18.360134,25,37163.585639,2,1
13.57501,25,37164.58241,2,1
8.921634,53,37166.619776,2,1
-10.25,1,37166.766879,1,0
-1.196949,201,37174.140866,0,0
-6.638454,34,37175.477705,1,0
16.789309,15,37176.123041,2,1
15.725887,25,37177.112372,2,1
4.622992,26,37178.129237,2,1
18.884476,10,37178.589221,2,1
19.181533,16,37179.271596,2,1
-10.079994,8,37179.654485,1,0
16.480098,16,37180.33408,2,1
-9.891376,8,37180.728374,1,0
14.393601,22,37181.608737,2,1
-10.25,1,37181.74167,1,0
17.308491,13,37182.311245,2,1
15.441929,11,37182.803666,2,1
17.171662,11,37183.28822,2,1
18.240363,16,37183.983159,2,1
-31.258702,33,37185.254148,1,0
17.608328,10,37185.707198,2,1
15.429457,42,37187.339713,2,1
19.438628,23,37188.286373,2,1
19.294802,13,37188.843337,2,1
18.48316,19,37189.623111,2,1
20.684516,35,37190.982969,2,1
18.273224,29,37192.117017,2,1
17.819351,30,37193.323874,2,1
18.394335,18,37194.066307,2,1
15.754603,25,37195.054788,2,1
14.396593,6,37195.353214,2,1
-13.947427,10,37195.81697,1,0
2.258089,18,37196.55781,2,1
19.726306,21,37197.404727,2,1
14.742994,20,37198.245023,2,1
17.837385,9,37198.677407,2,1
18.053196,19,37199.452054,2,1
17.925834,9,37199.880129,2,1
16.435873,13,37200.440019,2,1
-10.25,1,37200.576809,1,0
-11.606959,6,37200.899703,1,0
17.918672,8,37201.286269,2,1
17.487527,7,37201.605215,2,1
-12.752107,7,37201.95747,1,0
17.64384,25,37202.969072,2,1
18.880688,14,37203.587309,2,1
9.589639,40,37205.157434,2,1
16.614031,34,37206.47436,2,1
15.218055,28,37207.604731,2,1
-13.323418,4,37207.854317,1,0
21.171816,27,37208.962226,2,1
-10.25,1,37209.097718,1,0
2.621992,37,37210.551071,2,1
17.738326,16,37211.235515,2,1
18.968715,18,37211.987563,2,1
18.671144,14,37212.593439,2,1
19.155818,25,37213.580152,2,1
-10.25,1,37213.730612,1,0
14.563023,18,37214.480255,2,1
19.447131,49,37216.356219,2,1
-10.156655,2,37216.527861,1,0
-13.993645,6,37216.84243,1,0
17.267688,16,37217.513434,2,1
17.603327,5,37217.788229,2,1
19.7937,20,37218.622535,2,1
-19.183032,5,37218.905377,1,0
12.94476,11,37219.417665,2,1
-28.717405,27,37220.477947,1,0
-21.723505,15,37221.145874,1,0
18.217453,13,37221.708104,2,1
15.88685,32,37222.957442,2,1
16.092552,14,37223.563401,2,1
14.161737,13,37224.125399,2,1
17.136587,5,37224.404445,2,1
-10.216139,3,37224.60319,1,0
16.298914,15,37225.247442,2,1
16.934241,6,37225.561442,2,1
17.719945,3,37225.759311,2,1
19.496874,15,37226.501668,2,1
15.603787,13,37227.079703,2,1
-19.97733,55,37229.149805,1,0
20.204056,21,37230.028355,2,1
-10.125843,2,37230.208912,1,0
18.143094,17,37230.915451,2,1
17.939538,5,37231.196878,2,1
-16.659505,8,37231.578943,1,0
-11.185758,6,37231.894714,1,0
18.266392,8,37232.272385,2,1
13.046,14,37232.886204,2,1
19.535111,20,37233.72509,2,1
-11.50001,13,37234.300028,1,0
-15.534551,7,37234.66081,1,0
18.765978,10,38531.184008,2,1
14.899212,34,38532.521187,2,1
19.672296,18,38533.266013,2,1
20.304168,20,38534.095154,2,1
19.918809,27,38535.146359,2,1
18.803031,16,38535.790182,2,1
17.444462,14,38536.389798,2,1
-10.116279,2,38536.563139,1,0
-10.132936,2,38536.769305,1,0
-11.836716,18,38537.552066,1,0
18.249181,6,38537.864573,2,1
14.532529,25,38538.874514,2,1
18.86435,19,38539.654694,2,1
14.847882,27,38540.74516,2,1
18.535811,16,38541.423805,2,1
18.792677,24,38542.382793,2,1
17.812889,9,38542.800455,2,1
16.337186,9,38543.232134,2,1
17.787482,17,38543.967633,2,1
17.229489,19,38544.752037,2,1
19.257207,16,38545.447334,2,1
-10.25,1,38545.599359,1,0
19.050967,25,38546.581446,2,1
18.848823,15,38547.207093,2,1
17.933091,26,38548.231643,2,1
17.07296,23,38549.151611,2,1
17.362945,8,38549.541526,2,1
18.313158,7,38549.885173,2,1
19.180893,14,38550.472688,2,1
16.743788,16,38551.136443,2,1
-10.25,1,38551.285686,1,0
-9.922945,8,38551.6786,1,0
-8.216968,25,38552.687952,1,0
-17.028545,26,38553.756256,1,0
-27.479382,12,38554.269368,1,0
13.262616,34,38555.60215,2,1
19.630405,18,38556.347502,2,1
14.136442,25,38557.325275,2,1
-9.779746,5,38557.601859,1,0
17.747186,12,38558.136887,2,1
19.633201,19,38558.924758,2,1
-14.199076,3,38559.129513,1,0
19.765485,32,38560.382944,2,1
13.71675,24,38561.367314,2,1
20.295697,35,38562.755852,2,1
16.229737,10,38563.187449,2,1
-10.544404,5,38563.472701,1,0
-10.074151,3,38563.687363,1,0
13.246812,21,38564.573309,2,1
17.687879,6,38564.86722,2,1
-16.581694,4,38565.107864,1,0
16.722451,16,38565.770212,2,1
-10.250496,6,38566.104996,1,0
17.641022,3,38566.310906,2,1
17.90195,10,38566.76195,2,1
18.809244,11,38567.255213,2,1
-11.622175,9,38568.714804,1,0
19.126381,25,38569.709571,2,1
-10.25,1,38569.860755,1,0
8.575647,24,38570.797358,2,1
19.016645,12,38571.344769,2,1
18.908588,16,38572.027728,2,1
18.946044,17,38572.692303,2,1
14.813372,16,38573.387341,2,1
18.010218,10,38573.841374,2,1
14.442008,44,38575.5387,2,1
18.142652,6,38575.8588,2,1
19.788512,27,38576.950005,2,1
18.162931,25,38577.961735,2,1
18.46204,10,38578.428097,2,1
17.179601,14,38579.02175,2,1
16.526804,22,38579.907855,2,1
-10.882191,7,38580.264734,1,0
15.4676,20,38581.074327,2,1
18.122812,8,38581.447878,2,1
18.164328,17,38582.147413,2,1
17.847473,23,38583.063199,2,1
18.027262,15,38583.693927,2,1
18.659976,14,38584.290035,2,1
-1.864126,29,38585.460855,2,1
18.645131,16,38586.108412,2,1
17.183761,8,38586.492085,2,1
19.08125,35,38587.857466,2,1
18.38718,23,38588.785587,2,1
18.575334,12,38589.315726,2,1
20.083395,19,38590.086204,2,1
-10.131656,3,38590.316187,1,0
16.342852,5,38590.589978,2,1
17.917229,4,38590.83984,2,1
17.580266,5,38591.121154,2,1
19.714297,27,38592.16626,2,1
16.714713,5,38592.441051,2,1
8.855317,27,38593.490044,2,1
16.888908,17,38594.212349,2,1
18.093267,28,38595.315411,2,1
18.01121,5,38595.599198,2,1
17.773127,16,38596.25875,2,1
13.449304,23,38597.186072,2,1
17.74905,11,38597.665697,2,1
-14.897208,9,38598.090045,1,0
18.304151,21,39839.42391,2,1
17.968908,23,39840.332731,2,1
19.05763,12,39840.873819,2,1
10.911023,27,39841.931648,2,1
-11.616859,4,39842.17406,1,0
-9.875618,7,39842.522608,1,0
19.840615,17,39843.244139,2,1
18.519831,23,39844.197863,2,1
17.526632,5,39844.458241,2,1
15.540483,25,39845.469193,2,1
19.29621,18,39846.225539,2,1
13.04764,26,39847.298416,2,1
21.236263,40,39848.856656,2,1
17.789643,10,39849.310106,2,1
16.452537,35,39850.652266,2,1
13.981031,31,39851.886452,2,1
18.990979,14,39852.491267,2,1
20.86986,36,39853.86077,2,1
16.438981,30,39855.072547,2,1
-8.928976,13,39855.642985,1,0
15.893581,18,39856.380095,2,1
18.26949,8,39856.769121,2,1
7.619854,44,39858.485662,2,1
16.1224,23,39859.382476,2,1
16.537777,12,39859.905802,2,1
-10.462531,2,39860.070216,1,0
18.271818,15,39860.708602,2,1
16.546489,8,39861.092375,2,1
18.91989,26,39862.157703,2,1
18.2052,7,39862.506446,2,1
15.906616,13,39863.069942,2,1
11.758565,47,39864.885187,2,1
19.707298,16,39865.583318,2,1
17.776052,3,39865.77998,2,1
20.053857,20,39866.605418,2,1
3.502049,17,39867.302669,2,1
16.922537,39,39868.777975,2,1
-10.25,1,39868.933715,1,0
17.505748,5,39869.192873,2,1
14.727625,19,39869.979041,2,1
-26.903747,56,39872.082006,2,1
19.485891,15,39872.70127,2,1
16.577407,20,39873.522027,2,1
18.649585,16,39874.204304,2,1
10.606354,49,39876.087963,1,0
17.267658,14,39876.672183,2,1
-10.25,1,39876.922916,1,0
19.207226,29,39878.060191,2,1
-17.603189,38,39879.516041,2,1
17.518882,5,39879.792317,2,1
18.783108,12,39880.334284,2,1
18.217059,18,39881.095204,2,1
19.539984,25,39882.083129,2,1
20.855747,37,39883.528307,2,1
20.042916,24,39884.497776,2,1
16.554855,34,39885.825343,2,1
17.988557,10,39886.278583,2,1
-10.203969,2,39886.459833,1,0
17.331752,7,39886.812248,2,1
18.578216,20,39887.643266,2,1
18.413941,7,39887.997516,2,1
11.996556,31,39889.213915,2,1
18.979977,12,39889.747934,2,1
17.653367,2,39889.923966,2,1
18.70503,12,39890.458253,2,1
17.052155,7,39890.815071,2,1
17.342797,13,39891.377767,2,1
18.831537,32,39892.607211,2,1
18.248186,25,39893.584132,2,1
-13.505848,25,39894.580736,1,0
18.380421,19,39895.37206,2,1
14.360186,8,39895.743098,2,1
9.986148,85,39898.925636,2,1
20.452856,40,39900.495332,2,1
17.374605,28,39901.586316,2,1
21.197397,29,39902.727183,2,1
1.28771,26,39903.74974,2,1
18.979748,22,39904.65185,2,1
17.096695,36,39906.03476,2,1
15.775179,24,39906.995771,2,1
-10.105036,2,39907.161445,1,0
-8.911338,14,39907.800336,1,0
19.857997,38,39909.295856,2,1
20.397273,28,39910.41104,2,1
20.593976,32,39911.646461,2,1
11.171109,7,39911.992744,2,1
18.617257,31,39913.214382,2,1
6.006053,54,39915.260783,2,1
17.923651,15,39915.929051,2,1
18.396694,15,39916.570569,2,1
16.940271,3,39916.757389,2,1
-10.192147,4,39917.007988,1,0
1.384292,33,39918.275429,2,1
-10.25,1,39918.431554,1,0
20.442889,28,39919.538186,2,1
16.849051,8,39919.921563,2,1
-10.290062,3,39920.125996,1,0
19.811338,22,39921.025014,2,1
-10.25,1,39921.172824,1,0
20.035939,24,39922.113338,2,1
19.972785,29,41158.654545,2,1
17.889523,4,41158.893137,2,1
16.57775,25,41159.931831,2,1
17.931808,28,41161.044503,2,1
16.984258,14,41161.649973,2,1
18.075294,12,41162.16987,2,1
17.427405,32,41163.444156,2,1
7.160135,67,41165.944569,2,1
11.292378,36,41167.331405,2,1
16.214652,29,41168.489532,2,1
17.928316,5,41168.763261,2,1
17.490607,19,41169.554504,2,1
18.932817,17,41170.268311,2,1
18.129283,23,41171.197785,2,1
19.154458,23,41172.131279,2,1
17.704424,18,41172.875052,2,1
19.040646,17,41173.711396,2,1
16.101168,12,41174.23905,2,1
-10.25,1,41174.379211,1,0
12.108713,20,41175.203925,2,1
18.776724,31,41176.412011,2,1
12.405807,42,41178.040982,2,1
18.846649,21,41178.906669,2,1
17.801154,11,41179.378337,2,1
17.964833,19,41180.165023,2,1
18.821999,10,41180.618723,2,1
-10.214474,2,41180.794124,1,0
14.399291,47,41182.60523,2,1
-14.348937,17,41183.311797,1,0
11.992604,7,41183.671448,2,1
18.094284,11,41184.167203,2,1
-10.202256,2,41184.329263,1,0
17.694659,31,41185.552996,2,1
16.499867,20,41186.359527,2,1
17.004813,12,41186.874489,2,1
15.567362,24,41187.851187,2,1
10.781442,32,41189.09548,2,1
17.530323,33,41190.380461,2,1
17.469568,40,41191.913893,2,1
18.036803,8,41192.293546,2,1
17.248105,11,41192.774016,2,1
16.255746,12,41193.269761,2,1
18.718066,10,41193.727022,2,1
19.843317,21,41194.567902,2,1
20.256743,21,41195.414459,2,1
20.659183,26,41196.429667,2,1
16.299171,17,41197.138584,2,1
17.240737,15,41197.790633,2,1
15.252618,20,41198.60283,2,1
19.410486,15,41199.226788,2,1
-10.25,1,41199.368881,1,0
19.437424,17,41200.099462,2,1
-13.413393,25,41201.090599,1,0
18.055285,18,41201.83032,2,1
19.251029,14,41202.448744,2,1
17.57245,4,41202.688439,2,1
20.173256,30,41203.848629,2,1
19.707812,24,41204.835036,2,1
20.32929,20,41205.662658,2,1
19.410572,15,41206.271837,2,1
19.010836,28,41207.365211,2,1
-14.899458,6,41207.687058,1,0
-10.219297,2,41207.858641,1,0
-10.25,1,41208.01121,1,0
20.124937,25,41208.971749,2,1
17.735373,26,41209.988213,2,1
-10.529265,9,41210.410536,1,0
18.717884,18,41211.143933,2,1
20.000903,30,41212.32954,2,1
18.349301,8,41212.715598,2,1
-10.126678,3,41212.922889,1,0
16.510305,12,41213.457748,2,1
1.063692,8,41213.830904,2,1
18.502213,23,41214.772939,2,1
18.334885,20,41215.59942,2,1
14.763882,28,41216.706168,2,1
14.333771,33,41218.023992,2,1
17.496951,13,41218.590225,2,1
-87.204018,201,41225.90238,0,0
17.90481,19,41226.704201,2,1
19.170301,16,41227.3435,2,1
19.289074,24,41228.324133,2,1
17.346499,6,41228.637915,2,1
19.000769,23,41229.567545,2,1
17.720619,2,41229.742419,2,1
19.759458,24,41230.688243,2,1
-10.25,1,41230.838779,1,0
19.134421,16,41231.488511,2,1
12.577737,37,41232.92292,2,1
18.827131,22,41233.827282,2,1
17.941853,10,41234.285379,2,1
17.287261,19,41235.062914,2,1
17.628092,3,41235.257473,2,1
15.677961,19,41236.047774,2,1
17.793896,3,41236.24853,2,1
-9.979199,9,41236.668542,1,0
15.461423,18,41237.425812,2,1
-10.108529,2,41237.602749,1,0
16.17661,32,41238.856249,2,1
17.989386,8,41239.247183,2,1
17.794313,3,42467.804503,2,1
18.835877,15,42468.436371,2,1
19.345029,31,42469.661565,2,1
13.781199,25,42470.754799,2,1
18.193134,9,42471.17263,2,1
13.951,20,42471.997719,2,1
10.628823,27,42473.049163,2,1
17.120532,28,42474.172684,2,1
17.569741,6,42474.474921,2,1
20.662899,35,42475.84347,2,1
18.582572,10,42476.289702,2,1
19.088406,18,42477.049977,2,1
15.009928,26,42478.117008,2,1
14.973271,15,42478.752507,2,1
9.718705,23,42479.662078,2,1
12.418136,47,42481.425679,2,1
16.98654,31,42482.609933,2,1
18.172955,28,42483.733631,2,1
-10.25,1,42483.876045,1,0
17.668875,4,42484.113313,2,1
16.935638,17,42484.819519,2,1
16.171955,19,42485.604701,2,1
18.965853,11,42486.109128,2,1
18.444137,12,42486.634256,2,1
12.947933,26,42487.671312,2,1
18.023191,20,42488.484821,2,1
18.427895,7,42488.82515,2,1
18.398465,15,42489.463556,2,1
17.74392,4,42489.700734,2,1
-19.768497,14,42490.307188,1,0
18.390805,10,42490.758255,2,1
19.250073,20,42491.568658,2,1
18.877846,13,42492.136962,2,1
20.439583,29,42493.294154,2,1
15.820669,27,42494.367068,2,1
18.833029,18,42495.114917,2,1
18.523262,20,42495.922342,2,1
19.41891,15,42496.542018,2,1
-10.108615,19,42497.316632,1,0
17.662092,18,42498.051195,2,1
18.488373,15,42498.686729,2,1
17.926618,25,42499.681694,2,1
18.08878,25,42500.704813,2,1
21.052961,34,42502.040675,2,1
8.996798,20,42502.849275,2,1
18.073441,7,42503.204455,2,1
18.581475,19,42503.994319,2,1
13.34388,48,42505.848817,2,1
19.251039,14,42506.460028,2,1
14.765626,32,42507.738366,2,1
17.788472,19,42508.526588,2,1
19.807078,41,42510.124796,2,1
18.749849,22,42511.023698,2,1
14.576473,7,42511.384496,2,1
18.368294,8,42511.74243,2,1
16.741924,5,42512.026838,2,1
20.402194,24,42513.012549,2,1
20.270124,24,42513.972156,2,1
17.324906,5,42514.253378,2,1
18.774479,16,42514.930794,2,1
17.954321,7,42515.298154,2,1
-10.145995,2,42515.453039,1,0
20.706682,24,42516.415257,2,1
17.504206,10,42516.879252,2,1
18.281041,9,42517.308021,2,1
17.402849,11,42517.799562,2,1
19.003586,17,42518.507522,2,1
19.013957,13,42519.078214,2,1
20.44458,34,42520.413893,2,1
16.132849,9,42520.825404,2,1
16.571251,37,42522.260828,2,1
18.257282,16,42522.956016,2,1
17.277476,9,42523.378653,2,1
20.35273,25,42524.368027,2,1
17.250225,10,42524.815264,2,1
18.208161,9,42525.228074,2,1
-10.261322,2,42525.403822,1,0
20.724729,27,42526.487498,2,1
-21.368536,24,42527.449633,1,0
-10.25,1,42527.587565,1,0
14.343987,26,42528.610142,2,1
12.979336,18,42529.330217,2,1
16.112462,9,42529.748093,2,1
20.105015,31,42530.983711,2,1
17.643744,2,42531.152926,2,1
17.673873,7,42531.505577,2,1
19.784447,24,42532.462969,2,1
17.763548,3,42532.674036,2,1
10.862815,33,42533.983245,2,1
19.27625,16,42534.668011,2,1
17.859151,3,42534.880324,2,1
17.213133,13,42535.432211,2,1
18.902145,15,42536.077686,2,1
-10.16938,5,42536.490489,1,0
-14.980566,17,42537.198938,1,0
18.245492,7,42537.540628,2,1
4.861259,39,42539.048622,2,1
-14.331772,20,42539.888523,1,0
7.509058,35,42541.221829,2,1
17.002126,24,42542.184152,2,1
19.888359,23,43930.672484,2,1
15.414338,31,43931.98279,2,1
19.081621,15,43932.679955,2,1
-9.876393,10,43933.188616,1,0
-10.25,1,43933.349178,1,0
-10.066647,14,43934.032826,1,0
-9.774686,5,43934.359612,1,0
14.682973,18,43935.153759,2,1
-10.032266,12,43935.729278,1,0
18.008291,11,43936.270219,2,1
-10.25,1,43936.464242,1,0
18.343799,26,43937.553265,2,1
17.481109,14,43938.253425,2,1
-25.244974,37,43939.852177,1,0
-10.154914,2,43940.059066,1,0
4.135767,26,43941.229572,2,1
-13.162488,29,43942.511863,1,0
16.490615,15,43943.227465,2,1
19.079184,22,43944.203964,2,1
-10.25,1,43944.383757,1,0
-11.690565,13,43945.008089,1,0
18.354328,12,43945.595305,2,1
-5.70416,201,43953.43468,0,0
-18.622032,24,43954.486567,1,0
14.718796,29,43955.727578,2,1
-44.941003,33,43957.116319,1,0
14.153786,14,43957.789355,2,1
-10.25,1,43957.946367,1,0
-10.858721,8,43958.386044,1,0
-10.28221,10,43958.922349,1,0
16.717233,10,43959.427858,2,1
-10.964516,11,43959.99784,1,0
-10.470599,2,43960.196229,1,0
-11.333486,5,43960.511643,1,0
20.794242,27,43961.70523,2,1
16.011391,19,43962.57592,2,1
18.262493,10,43963.083229,2,1
18.616018,14,43963.733378,2,1
-13.705986,11,43964.302943,1,0
-10.445906,4,43964.573455,1,0
17.473205,10,43965.084498,2,1
-11.396852,9,43965.54973,1,0
16.990696,21,43966.485022,2,1
-9.787814,12,43967.069096,1,0
19.876417,17,43967.834282,2,1
-12.782056,21,43968.78015,1,0
16.631475,19,43969.645226,2,1
17.417314,3,43969.875278,2,1
17.381252,34,43971.342257,2,1
17.928575,8,43971.773949,2,1
19.76254,20,43972.649929,2,1
20.058585,34,43974.119286,2,1
19.125419,17,43974.899727,2,1
-14.618561,28,43976.098455,1,0
16.445799,8,43976.521032,2,1
-9.666239,29,43977.817544,1,0
18.283166,12,43978.399185,2,1
-11.02624,12,43978.982419,1,0
-9.512297,17,43979.894502,1,0
17.104218,6,43980.261273,2,1
19.862229,30,43981.572662,2,1
18.167761,6,43981.927813,2,1
19.250079,15,43982.638398,2,1
-10.587928,13,43983.267759,1,0
17.48653,9,43983.744792,2,1
-12.798869,16,43984.491499,1,0
16.285973,18,43985.30706,2,1
-10.3656,3,43985.547762,1,0
-11.416059,15,43986.224293,1,0
-9.472157,11,43986.764292,1,0
-16.068886,157,43992.950336,1,0
-10.489262,6,43993.285607,1,0
20.150036,36,43994.815839,2,1
-8.734935,13,43995.441999,1,0
-11.584219,10,43995.948182,1,0
-11.835095,4,43996.217731,1,0
-10.523633,13,43996.858746,1,0
-10.25,1,43997.032712,1,0
-9.777812,9,43997.504266,1,0
-8.679431,15,43998.204537,1,0
-10.598168,2,43998.403157,1,0
17.968431,10,43998.917315,2,1
-9.8587,15,43999.618138,1,0
16.03249,17,44000.390337,2,1
15.892191,21,44001.327513,2,1
19.338706,22,44002.302944,2,1
1.258505,201,44010.100404,0,0
18.405122,19,44010.95323,2,1
-17.839107,27,44012.161293,1,0
16.959596,5,44012.485636,2,1
19.183551,12,44013.073371,2,1
16.42428,21,44014.0053,2,1
-16.439174,16,44014.723958,1,0
-11.047347,12,44015.297881,1,0
14.637111,21,44016.215182,2,1
18.847395,21,44017.125727,2,1
5.457772,18,44017.959355,2,1
-21.057985,15,44018.685144,1,0
-9.852702,10,44019.189807,1,0
-9.38589,10,44019.719931,1,0
17.181074,19,45249.63402,2,1
-10.152886,2,45249.813343,1,0
17.842541,4,45250.068373,2,1
18.643452,11,45250.563119,2,1
11.944171,16,45251.227258,2,1
19.17869,12,45251.744379,2,1
14.091118,32,45253.001609,2,1
19.729423,16,45253.672167,2,1
10.171231,25,45254.667423,2,1
17.998809,15,45255.295025,2,1
16.909386,34,45256.645906,2,1
19.401062,20,45257.449975,2,1
17.932234,14,45257.997458,2,1
19.981672,22,45258.879114,2,1
21.829049,43,45260.47639,2,1
17.67787,31,45261.711807,2,1
19.242115,26,45262.716852,2,1
20.319739,29,45263.841004,2,1
8.700702,33,45265.126015,2,1
18.384691,15,45265.785021,2,1
18.191204,9,45266.182722,2,1
20.447175,24,45267.12098,2,1
18.829613,14,45267.722355,2,1
18.55947,20,45268.543832,2,1
18.678501,12,45269.092566,2,1
17.797113,18,45269.840294,2,1
17.497782,11,45270.328328,2,1
18.580613,16,45270.997963,2,1
-10.035022,5,45271.269623,1,0
17.642889,17,45272.077722,2,1
17.068402,12,45272.624447,2,1
8.227931,31,45273.861308,1,0
14.803717,15,45274.535285,2,1
12.473901,22,45275.411147,2,1
17.573537,13,45275.980049,2,1
11.432474,4,45276.211319,2,1
19.138462,24,45277.177264,2,1
-12.485956,7,45277.537367,1,0
18.420005,10,45278.003981,2,1
20.066515,24,45278.938389,2,1
16.966249,8,45279.323798,2,1
17.498839,12,45279.860612,2,1
5.099709,33,45281.092766,2,1
20.80365,31,45282.291991,2,1
18.304507,19,45283.089642,2,1
17.087043,24,45284.06277,2,1
19.122861,24,45285.0236,2,1
18.590336,21,45285.873702,2,1
-10.865061,25,45286.904795,1,0
19.457732,31,45288.124569,2,1
-10.321938,2,45288.314677,1,0
17.77751,3,45288.517741,2,1
2.891471,21,45289.360681,2,1
-10.331962,3,45289.573515,1,0
19.504192,21,45290.435126,2,1
19.136894,12,45290.975098,2,1
-10.966785,14,45291.591774,1,0
18.522369,20,45292.426509,2,1
19.536624,32,45293.687936,2,1
18.206749,21,45294.531763,2,1
2.387846,31,45295.739228,2,1
-15.488666,25,45296.758951,1,0
20.702047,24,45297.728698,2,1
13.85499,14,45298.317919,2,1
18.887394,17,45299.028541,2,1
20.187559,34,45300.361046,2,1
20.068309,34,45301.655019,2,1
17.806087,4,45301.906958,2,1
18.977479,25,45302.933353,2,1
17.813319,6,45303.251577,2,1
-10.214707,19,45304.041708,1,0
-9.224596,15,45304.690237,1,0
-12.964781,21,45305.579514,1,0
18.09171,7,45305.921069,2,1
17.772541,9,45306.338812,2,1
-10.164272,2,45306.52309,1,0
15.86968,24,45307.491216,2,1
17.532103,6,45307.781419,2,1
15.642204,19,45308.575585,2,1
18.176609,19,45309.344358,2,1
18.70774,28,45310.448421,2,1
20.922027,27,45311.541708,2,1
20.611817,36,45312.950865,2,1
13.506615,16,45313.628615,2,1
17.822788,18,45314.380844,2,1
18.694523,13,45314.953782,2,1
18.344315,34,45316.295504,2,1
18.434582,16,45316.962604,2,1
14.079583,21,45317.813103,2,1
-12.908751,28,45318.912285,1,0
14.92026,14,45319.52551,2,1
16.689994,13,45320.079303,2,1
1.669786,36,45321.454206,2,1
-10.25,1,45321.609576,1,0
17.909544,6,45321.914452,2,1
-10.238876,2,45322.087609,1,0
-8.840887,26,45323.135169,1,0
18.848303,21,45323.990633,2,1
17.56993,6,45324.322282,2,1
18.889853,17,45325.03651,2,1
17.29565,24,46568.018448,2,1
19.015943,12,46568.546461,2,1
21.351959,37,46569.985655,2,1
19.859828,29,46571.134952,2,1
21.16538,28,46572.234749,2,1
17.93683,8,46572.610044,2,1
19.618143,17,46573.312562,2,1
14.985054,18,46574.068342,2,1
17.523593,5,46574.335529,2,1
18.274375,12,46574.871356,2,1
18.512304,20,46575.694064,2,1
17.65154,2,46575.862133,2,1
16.931168,17,46576.566928,2,1
-10.25,1,46576.711377,1,0
7.177691,32,46577.958109,2,1
-12.855956,12,46578.513525,1,0
18.168287,19,46579.282819,2,1
17.387137,29,46580.469557,2,1
-10.346424,4,46580.722581,1,0
17.638847,12,46581.276276,2,1
18.308536,16,46581.960233,2,1
17.04269,18,46582.726249,2,1
18.47039,11,46583.247449,2,1
18.49632,11,46583.748076,2,1
17.756812,23,46584.695458,2,1
18.21084,17,46585.419631,2,1
18.206804,14,46586.031519,2,1
16.829395,20,46586.991321,2,1
18.272846,7,46587.327113,2,1
18.55084,23,46588.257565,2,1
17.064286,16,46588.962917,2,1
20.71339,32,46590.418696,2,1
17.416018,44,46592.388987,2,1
19.551601,36,46593.844056,2,1
15.791019,6,46594.171504,2,1
17.933028,14,46595.265709,2,1
20.318916,22,46597.240962,2,1
17.801002,7,46598.010503,2,1
17.641902,11,46599.136129,2,1
8.841217,13,46599.601116,1,0
12.058741,12,46600.239888,2,1
20.258796,27,46601.370831,2,1
17.85604,10,46601.846631,2,1
-10.241936,2,46602.048671,1,0
18.019962,9,46602.492787,2,1
18.402565,12,46603.050115,2,1
-11.823085,4,46603.340893,1,0
20.127132,19,46604.160713,2,1
-10.402731,3,46604.388863,1,0
19.241642,19,46605.194572,2,1
17.609142,14,46605.819587,2,1
18.152316,16,46606.524422,2,1
17.925846,14,46607.154352,2,1
21.679796,37,46608.607141,2,1
20.088169,31,46609.84149,2,1
17.786245,29,46611.00167,2,1
18.145081,13,46611.554071,2,1
-10.25,1,46611.693237,1,0
1.976969,18,46612.456104,2,1
-10.178859,24,46613.463555,2,1
17.958829,5,46613.745253,2,1
19.150226,16,46614.433826,2,1
17.628367,9,46614.853562,2,1
17.863934,6,46615.154821,2,1
16.460585,30,46616.401181,2,1
20.726841,23,46617.280341,2,1
17.752298,15,46617.893238,2,1
18.009176,27,46618.993696,2,1
11.783076,20,46619.845515,2,1
19.974381,19,46620.634542,2,1
15.879268,14,46621.251371,2,1
17.094611,14,46621.866234,2,1
18.134239,18,46622.622897,2,1
18.648428,9,46623.061329,2,1
19.093745,21,46623.922962,2,1
16.529893,32,46625.183115,2,1
16.374092,14,46625.76409,2,1
19.757574,19,46626.556118,2,1
20.404758,27,46627.621082,2,1
19.864504,28,46628.734917,2,1
18.932975,26,46629.777231,2,1
-10.258388,2,46629.958773,1,0
19.306953,23,46630.892583,2,1
19.928951,29,46632.055762,2,1
-10.377162,3,46632.289232,1,0
19.12446,13,46632.850532,2,1
19.385828,29,46634.010471,2,1
19.24258,33,46635.298816,2,1
19.222883,15,46636.075972,2,1
18.899085,28,46637.201255,2,1
16.337455,17,46637.934145,2,1
6.501899,32,46639.19241,2,1
18.429115,13,46639.755931,2,1
17.743497,10,46640.237178,2,1
-10.295939,3,46640.437086,1,0
19.323824,20,46641.257038,2,1
18.204102,9,46641.700458,2,1
17.851294,6,46642.000179,2,1
-10.470106,2,46642.17492,1,0
13.525202,36,46643.60412,2,1
18.693311,13,47895.264298,2,1
14.770128,35,47896.640394,2,1
17.947909,15,47897.293925,2,1
-10.315109,3,47897.504562,1,0
16.612999,14,47898.082683,2,1
-10.149333,2,47898.242806,1,0
17.576246,12,47898.765531,2,1
17.99901,20,47899.576972,2,1
19.144382,15,47900.192862,2,1
-0.532334,10,47900.658956,2,1
17.020551,5,47900.922929,2,1
18.159174,23,47901.851978,2,1
19.212608,20,47902.658849,2,1
17.321695,15,47903.293637,2,1
12.86297,34,47904.617897,2,1
17.249359,17,47905.332791,2,1
17.272403,10,47905.759006,2,1
-23.004802,4,47906.004775,1,0
16.774519,9,47906.423626,2,1
17.440463,4,47906.667267,2,1
11.844105,40,47908.196829,2,1
19.174223,25,47909.192635,2,1
7.056693,35,47910.503805,2,1
-10.177876,10,47910.973905,1,0
19.137093,12,47911.501677,2,1
16.423085,7,47911.854352,2,1
16.616342,20,47912.677084,2,1
8.77771,24,47913.647095,2,1
18.349646,12,47914.173292,2,1
17.110079,16,47914.855126,2,1
-23.054415,49,47916.69743,1,0
19.061373,16,47917.390153,2,1
18.743938,14,47917.985309,2,1
18.119291,14,47918.585618,2,1
19.029792,19,47919.338731,2,1
18.209454,17,47920.045241,2,1
-10.25,1,47920.177984,1,0
15.690124,15,47920.804296,2,1
17.664585,9,47921.245579,2,1
15.875338,6,47921.557942,2,1
19.028187,12,47922.067306,2,1
15.301183,36,47923.491544,2,1
-10.01099,12,47924.037294,1,0
16.762204,34,47925.37469,2,1
18.837887,10,47925.832652,2,1
-22.793687,23,47926.776534,1,0
19.254752,16,47927.468445,2,1
-10.508928,2,47927.643514,1,0
16.546436,11,47928.130846,2,1
-11.202909,4,47928.388986,1,0
17.979018,5,47928.667596,2,1
18.209435,14,47929.263754,2,1
18.845978,10,47929.714337,2,1
19.53765,28,47930.826451,2,1
-11.815342,8,47931.208438,1,0
13.56024,16,47931.891629,2,1
18.672468,14,47932.478231,2,1
20.639657,26,47933.525833,2,1
18.365221,23,47934.474216,2,1
-10.907756,8,47934.862574,1,0
19.983724,24,47935.836795,2,1
19.117777,12,47936.37499,2,1
18.342401,12,47936.902938,2,1
-14.436807,8,47937.28375,1,0
14.755553,9,47937.696975,2,1
18.061254,13,47938.258062,2,1
15.939081,20,47939.087442,2,1
17.320682,25,47940.081277,2,1
15.354263,12,47940.602075,2,1
20.799877,29,47941.772204,2,1
15.527505,18,47942.503935,2,1
-10.25,1,47942.65112,1,0
16.141663,18,47943.393542,2,1
18.448207,17,47944.208771,2,1
18.517883,11,47944.672026,2,1
19.400407,20,47945.485623,2,1
14.056761,9,47945.893077,2,1
18.658412,13,47946.453698,2,1
19.21496,15,47947.085852,2,1
3.438906,30,47948.275589,2,1
18.578059,17,47948.95804,2,1
18.834084,13,47949.507582,2,1
19.608424,15,47950.142602,2,1
19.031759,13,47950.699365,2,1
13.364345,48,47952.514547,2,1
17.597247,12,47953.046498,2,1
-11.599855,6,47953.360019,1,0
21.082525,31,47954.597194,2,1
18.553114,18,47955.340826,2,1
19.223224,19,47956.119974,2,1
15.868614,19,47956.920597,2,1
17.464506,15,47957.579495,2,1
17.713938,6,47957.8827,2,1
18.497944,27,47958.973663,2,1
18.586385,23,47959.894187,2,1
17.563524,4,47960.126998,2,1
17.56919,16,47960.799935,2,1
17.786871,3,47961.012333,2,1
6.695219,3,47961.211121,1,0
18.789677,37,47962.656471,2,1
14.75098,27,49215.537883,2,1
-10.720757,15,49216.175912,1,0
17.508362,20,49216.998054,2,1
20.224243,22,49217.894886,2,1
18.347647,8,49218.271386,2,1
19.128895,22,49219.151805,2,1
-33.778312,19,49219.939332,1,0
19.639937,26,49220.980499,2,1
-8.415212,26,49222.023313,1,0
17.308392,29,49223.138837,2,1
16.00903,22,49224.034057,2,1
20.312999,29,49225.208935,2,1
17.746834,11,49225.715134,2,1
0.005129,201,49232.957184,0,0
8.046445,25,49233.927704,2,1
18.539464,20,49234.744696,2,1
17.127879,3,49234.950483,2,1
17.986853,12,49235.484234,2,1
17.344466,9,49235.910651,2,1
17.763144,17,49236.592952,2,1
11.528051,36,49237.999628,2,1
-10.38908,3,49238.221591,1,0
18.102571,26,49239.280408,2,1
-15.111462,27,49240.364684,1,0
16.78614,22,49241.249577,2,1
15.64347,9,49241.659354,2,1
-10.805416,4,49241.902049,1,0
16.896494,22,49242.788899,2,1
12.271973,27,49243.854009,2,1
18.535759,13,49244.427539,2,1
18.009823,20,49245.246982,2,1
11.414996,14,49245.844422,2,1
15.386601,12,49246.389446,2,1
14.626601,26,49247.435334,2,1
18.157596,12,49247.958035,2,1
-10.401816,4,49248.202792,1,0
17.682982,40,49249.726242,2,1
16.898454,12,49250.242146,2,1
-13.365581,20,49251.048748,1,0
19.111654,36,49252.457589,2,1
-13.109873,21,49253.303233,2,1
16.262802,25,49254.313291,2,1
9.364523,20,49255.122562,2,1
18.49459,22,49256.017821,2,1
17.063241,23,49256.91597,2,1
16.950987,8,49257.301951,2,1
-17.544426,21,49258.297277,1,0
-10.457938,4,49258.531933,1,0
9.217102,33,49259.816698,2,1
12.460012,34,49261.115937,2,1
16.820654,9,49261.531859,2,1
15.67596,21,49262.392998,2,1
-0.280115,38,49263.862963,2,1
18.481352,9,49264.306343,2,1
18.168346,7,49264.656981,2,1
18.135977,9,49265.086831,2,1
10.235819,12,49265.618164,2,1
18.910151,22,49266.531795,2,1
-9.571101,40,49268.064564,1,0
17.484899,20,49268.877947,2,1
17.640906,2,49269.042714,2,1
17.464026,4,49269.286311,2,1
-14.023288,12,49269.821833,1,0
19.360185,25,49270.844714,2,1
17.733507,3,49271.051744,2,1
17.240863,38,49272.536599,2,1
-10.393794,2,49272.700811,1,0
20.215959,29,49273.86359,2,1
18.335085,12,49274.388747,2,1
-10.25,1,49274.536242,1,0
19.493988,29,49275.702358,2,1
18.587483,15,49276.338657,2,1
-10.330264,3,49276.52453,1,0
-11.010285,31,49277.730058,1,0
15.120161,38,49279.189601,2,1
-8.716087,19,49279.970947,1,0
18.425962,11,49280.481387,2,1
15.236702,23,49281.410277,2,1
19.182306,21,49282.282827,2,1
16.921041,17,49282.971919,2,1
5.747912,18,49283.708856,2,1
15.008556,27,49284.78745,2,1
10.928245,24,49285.778723,2,1
-10.15906,2,49285.939624,1,0
15.200628,12,49286.474593,2,1
14.799522,14,49287.07457,2,1
16.711806,32,49288.329843,2,1
-10.557013,5,49288.612302,1,0
13.886327,9,49289.044797,2,1
17.594436,16,49289.724917,2,1
18.881279,18,49290.486389,2,1
16.12383,17,49291.197845,2,1
16.863703,24,49292.176758,2,1
17.827153,6,49292.490188,2,1
16.474338,21,49293.346934,2,1
4.64778,40,49294.885161,2,1
-16.749495,24,49295.83246,1,0
18.709255,18,49296.592876,2,1
17.273939,5,49296.86693,2,1
6.601535,28,49297.974245,2,1
